#E_pot  E_kin  T  P
-8.239162e+02 1.254613e+02 5.029842e+01 1.111111e+06
-8.239116e+02 1.261600e+02 5.057854e+01 1.117299e+06
-8.238979e+02 1.252412e+02 5.021017e+01 1.109162e+06
-8.238751e+02 1.255052e+02 5.031601e+01 1.111500e+06
-8.238432e+02 1.262610e+02 5.061903e+01 1.118194e+06
-8.238023e+02 1.258337e+02 5.044772e+01 1.114409e+06
-8.237525e+02 1.255486e+02 5.033341e+01 1.111884e+06
-8.236938e+02 1.256065e+02 5.035663e+01 1.112397e+06
-8.236263e+02 1.260526e+02 5.053550e+01 1.116349e+06
-8.235497e+02 1.265371e+02 5.072973e+01 1.120639e+06
-8.234642e+02 1.266003e+02 5.075507e+01 1.121199e+06
-8.233696e+02 1.272751e+02 5.102558e+01 1.127175e+06
-8.232659e+02 1.267468e+02 5.081380e+01 1.122496e+06
-8.231530e+02 1.279426e+02 5.129321e+01 1.133087e+06
-8.230306e+02 1.278593e+02 5.125981e+01 1.132349e+06
-8.228989e+02 1.278400e+02 5.125208e+01 1.132178e+06
-8.227583e+02 1.275166e+02 5.112240e+01 1.129313e+06
-8.226086e+02 1.270692e+02 5.094306e+01 1.125352e+06
-8.224502e+02 1.265883e+02 5.075024e+01 1.121092e+06
-8.222833e+02 1.264658e+02 5.070112e+01 1.120007e+06
-8.221078e+02 1.267645e+02 5.082088e+01 1.122653e+06
-8.219239e+02 1.259352e+02 5.048842e+01 1.115308e+06
-8.217320e+02 1.248132e+02 5.003858e+01 1.105371e+06
-8.215327e+02 1.238973e+02 4.967140e+01 1.097260e+06
-8.213260e+02 1.232843e+02 4.942563e+01 1.091831e+06
-8.211106e+02 1.234517e+02 4.949275e+01 1.093314e+06
-8.208862e+02 1.227530e+02 4.921263e+01 1.087126e+06
-8.206541e+02 1.221022e+02 4.895173e+01 1.081363e+06
-8.204149e+02 1.214273e+02 4.868116e+01 1.075386e+06
-8.201684e+02 1.209549e+02 4.849175e+01 1.071201e+06
-8.199145e+02 1.206252e+02 4.835958e+01 1.068282e+06
-8.196530e+02 1.201474e+02 4.816804e+01 1.064051e+06
-8.193843e+02 1.191949e+02 4.778617e+01 1.055615e+06
-8.191095e+02 1.193830e+02 4.786159e+01 1.057281e+06
-8.188272e+02 1.187784e+02 4.761917e+01 1.051926e+06
-8.185364e+02 1.189575e+02 4.769100e+01 1.053512e+06
-8.182376e+02 1.188163e+02 4.763437e+01 1.052262e+06
-8.179311e+02 1.186580e+02 4.757092e+01 1.050860e+06
-8.176164e+02 1.191526e+02 4.776919e+01 1.055240e+06
-8.172931e+02 1.190537e+02 4.772954e+01 1.054364e+06
-8.169617e+02 1.186917e+02 4.758442e+01 1.051158e+06
-8.166226e+02 1.184648e+02 4.749347e+01 1.049149e+06
-8.162765e+02 1.191515e+02 4.776879e+01 1.055231e+06
-8.159232e+02 1.188894e+02 4.766370e+01 1.052909e+06
-8.155624e+02 1.196103e+02 4.795273e+01 1.059294e+06
-8.151946e+02 1.192337e+02 4.780171e+01 1.055958e+06
-8.148203e+02 1.193128e+02 4.783345e+01 1.056659e+06
-8.144394e+02 1.179904e+02 4.730330e+01 1.044948e+06
-8.140526e+02 1.178418e+02 4.724371e+01 1.043632e+06
-8.136591e+02 1.172195e+02 4.699420e+01 1.038120e+06
-8.132597e+02 1.164374e+02 4.668067e+01 1.031194e+06
-8.128532e+02 1.168557e+02 4.684837e+01 1.034898e+06
-8.124383e+02 1.172281e+02 4.699766e+01 1.038196e+06
-8.120164e+02 1.173944e+02 4.706432e+01 1.039669e+06
-8.115883e+02 1.166899e+02 4.678189e+01 1.033430e+06
-8.111539e+02 1.167392e+02 4.680166e+01 1.033867e+06
-8.107148e+02 1.157224e+02 4.639400e+01 1.024861e+06
-8.102717e+02 1.151125e+02 4.614951e+01 1.019460e+06
-8.098227e+02 1.151785e+02 4.617598e+01 1.020045e+06
-8.093669e+02 1.152507e+02 4.620493e+01 1.020685e+06
-8.089054e+02 1.145203e+02 4.591209e+01 1.014216e+06
-8.084406e+02 1.133470e+02 4.544172e+01 1.003825e+06
-8.079743e+02 1.126495e+02 4.516207e+01 9.976474e+05
-8.075055e+02 1.113542e+02 4.464278e+01 9.861762e+05
-8.070331e+02 1.107107e+02 4.438477e+01 9.804767e+05
-8.065558e+02 1.106796e+02 4.437233e+01 9.802017e+05
-8.060734e+02 1.102875e+02 4.421514e+01 9.767295e+05
-8.055861e+02 1.096790e+02 4.397118e+01 9.713403e+05
-8.050943e+02 1.095122e+02 4.390431e+01 9.698631e+05
-8.045989e+02 1.091005e+02 4.373927e+01 9.662172e+05
-8.040993e+02 1.082679e+02 4.340547e+01 9.588434e+05
-8.035954e+02 1.077447e+02 4.319569e+01 9.542093e+05
-8.030870e+02 1.072373e+02 4.299227e+01 9.497157e+05
-8.025746e+02 1.066401e+02 4.275284e+01 9.444267e+05
-8.020581e+02 1.060028e+02 4.249734e+01 9.387826e+05
-8.015380e+02 1.058513e+02 4.243661e+01 9.374410e+05
-8.010147e+02 1.056015e+02 4.233646e+01 9.352286e+05
-8.004877e+02 1.048855e+02 4.204942e+01 9.288879e+05
-7.999587e+02 1.040540e+02 4.171606e+01 9.215237e+05
-7.994283e+02 1.040130e+02 4.169964e+01 9.211610e+05
-7.988961e+02 1.029359e+02 4.126783e+01 9.116222e+05
-7.983642e+02 1.021759e+02 4.096311e+01 9.048908e+05
-7.978321e+02 1.019460e+02 4.087095e+01 9.028550e+05
-7.972979e+02 1.012506e+02 4.059216e+01 8.966963e+05
-7.967615e+02 1.006715e+02 4.036001e+01 8.915682e+05
-7.962245e+02 9.987609e+01 4.004111e+01 8.845235e+05
-7.956874e+02 9.954540e+01 3.990853e+01 8.815948e+05
-7.951515e+02 9.901281e+01 3.969501e+01 8.768781e+05
-7.946179e+02 9.856157e+01 3.951411e+01 8.728818e+05
-7.940852e+02 9.828431e+01 3.940295e+01 8.704263e+05
-7.935534e+02 9.765742e+01 3.915162e+01 8.648744e+05
-7.930221e+02 9.648037e+01 3.867974e+01 8.544503e+05
-7.924896e+02 9.642982e+01 3.865947e+01 8.540025e+05
-7.919564e+02 9.669671e+01 3.876647e+01 8.563663e+05
-7.914243e+02 9.563582e+01 3.834115e+01 8.469707e+05
-7.908921e+02 9.452472e+01 3.789570e+01 8.371306e+05
-7.903578e+02 9.473960e+01 3.798185e+01 8.390336e+05
-7.898214e+02 9.443417e+01 3.785940e+01 8.363287e+05
-7.892861e+02 9.349307e+01 3.748211e+01 8.279941e+05
-7.887525e+02 9.276093e+01 3.718858e+01 8.215101e+05
-7.882200e+02 9.226519e+01 3.698984e+01 8.171198e+05
-7.876906e+02 9.141260e+01 3.664803e+01 8.095690e+05
-7.871635e+02 9.097285e+01 3.647173e+01 8.056745e+05
-7.866362e+02 9.021096e+01 3.616628e+01 7.989271e+05
-7.861106e+02 9.021110e+01 3.616634e+01 7.989283e+05
-7.855881e+02 8.983971e+01 3.601745e+01 7.956392e+05
-7.850668e+02 8.926224e+01 3.578593e+01 7.905250e+05
-7.845471e+02 8.833694e+01 3.541497e+01 7.823304e+05
-7.840305e+02 8.772893e+01 3.517122e+01 7.769457e+05
-7.835157e+02 8.689583e+01 3.483722e+01 7.695676e+05
-7.830018e+02 8.605472e+01 3.450001e+01 7.621185e+05
-7.824888e+02 8.661345e+01 3.472401e+01 7.670668e+05
-7.819781e+02 8.587458e+01 3.442779e+01 7.605232e+05
-7.814729e+02 8.495432e+01 3.405885e+01 7.523731e+05
-7.809735e+02 8.434262e+01 3.381362e+01 7.469558e+05
-7.804768e+02 8.381541e+01 3.360226e+01 7.422867e+05
-7.799834e+02 8.356327e+01 3.350117e+01 7.400537e+05
-7.794931e+02 8.298825e+01 3.327064e+01 7.349612e+05
-7.790056e+02 8.264734e+01 3.313397e+01 7.319421e+05
-7.785213e+02 8.206788e+01 3.290166e+01 7.268102e+05
-7.780398e+02 8.121722e+01 3.256062e+01 7.192766e+05
-7.775640e+02 8.049665e+01 3.227174e+01 7.128951e+05
-7.770951e+02 7.989104e+01 3.202895e+01 7.075317e+05
-7.766310e+02 7.907528e+01 3.170190e+01 7.003072e+05
-7.761702e+02 7.841219e+01 3.143606e+01 6.944347e+05
-7.757138e+02 7.801189e+01 3.127558e+01 6.908895e+05
-7.752655e+02 7.776365e+01 3.117606e+01 6.886911e+05
-7.748251e+02 7.746170e+01 3.105500e+01 6.860170e+05
-7.743883e+02 7.685893e+01 3.081335e+01 6.806787e+05
-7.739540e+02 7.635323e+01 3.061061e+01 6.762001e+05
-7.735239e+02 7.612650e+01 3.051971e+01 6.741921e+05
-7.731004e+02 7.551116e+01 3.027302e+01 6.687425e+05
-7.726839e+02 7.500388e+01 3.006964e+01 6.642500e+05
-7.722726e+02 7.477273e+01 2.997697e+01 6.622029e+05
-7.718657e+02 7.455358e+01 2.988911e+01 6.602620e+05
-7.714647e+02 7.376269e+01 2.957204e+01 6.532578e+05
-7.710724e+02 7.416991e+01 2.973530e+01 6.568642e+05
-7.706883e+02 7.436685e+01 2.981425e+01 6.586083e+05
-7.703133e+02 7.404146e+01 2.968380e+01 6.557266e+05
-7.699455e+02 7.369053e+01 2.954311e+01 6.526187e+05
-7.695842e+02 7.374952e+01 2.956676e+01 6.531411e+05
-7.692307e+02 7.331630e+01 2.939308e+01 6.493044e+05
-7.688830e+02 7.330241e+01 2.938751e+01 6.491814e+05
-7.685431e+02 7.273594e+01 2.916041e+01 6.441646e+05
-7.682096e+02 7.311839e+01 2.931374e+01 6.475517e+05
-7.678817e+02 7.323118e+01 2.935895e+01 6.485506e+05
-7.675614e+02 7.288280e+01 2.921928e+01 6.454652e+05
-7.672518e+02 7.234018e+01 2.900174e+01 6.406597e+05
-7.669540e+02 7.216466e+01 2.893138e+01 6.391053e+05
-7.666627e+02 7.222735e+01 2.895651e+01 6.396605e+05
-7.663757e+02 7.180879e+01 2.878871e+01 6.359536e+05
-7.660964e+02 7.171550e+01 2.875131e+01 6.351274e+05
-7.658266e+02 7.162874e+01 2.871652e+01 6.343590e+05
-7.655646e+02 7.166193e+01 2.872983e+01 6.346530e+05
-7.653087e+02 7.149837e+01 2.866426e+01 6.332044e+05
-7.650619e+02 7.061804e+01 2.831132e+01 6.254080e+05
-7.648279e+02 7.087444e+01 2.841412e+01 6.276788e+05
-7.646052e+02 7.009748e+01 2.810263e+01 6.207979e+05
-7.643881e+02 7.012215e+01 2.811252e+01 6.210163e+05
-7.641759e+02 7.026424e+01 2.816949e+01 6.222748e+05
-7.639730e+02 7.015885e+01 2.812723e+01 6.213414e+05
-7.637793e+02 7.007288e+01 2.809277e+01 6.205801e+05
-7.635915e+02 7.006708e+01 2.809044e+01 6.205287e+05
-7.634098e+02 7.001590e+01 2.806992e+01 6.200754e+05
-7.632333e+02 7.027280e+01 2.817292e+01 6.223505e+05
-7.630630e+02 7.054069e+01 2.828032e+01 6.247230e+05
-7.628999e+02 7.050008e+01 2.826404e+01 6.243634e+05
-7.627428e+02 7.077293e+01 2.837342e+01 6.267798e+05
-7.625916e+02 7.072959e+01 2.835605e+01 6.263960e+05
-7.624453e+02 7.013153e+01 2.811628e+01 6.210994e+05
-7.623034e+02 6.984115e+01 2.799986e+01 6.185277e+05
-7.621685e+02 6.971934e+01 2.795103e+01 6.174490e+05
-7.620394e+02 6.976379e+01 2.796885e+01 6.178427e+05
-7.619163e+02 6.980772e+01 2.798646e+01 6.182317e+05
-7.617989e+02 6.990595e+01 2.802585e+01 6.191017e+05
-7.616854e+02 7.038489e+01 2.821785e+01 6.233432e+05
-7.615773e+02 7.101917e+01 2.847214e+01 6.289605e+05
-7.614762e+02 7.098564e+01 2.845870e+01 6.286636e+05
-7.613811e+02 7.122932e+01 2.855639e+01 6.308217e+05
-7.612902e+02 7.168408e+01 2.873871e+01 6.348491e+05
-7.612059e+02 7.231509e+01 2.899169e+01 6.404375e+05
-7.611281e+02 7.230575e+01 2.898794e+01 6.403548e+05
-7.610564e+02 7.196815e+01 2.885260e+01 6.373650e+05
-7.609936e+02 7.158829e+01 2.870031e+01 6.340008e+05
-7.609389e+02 7.142327e+01 2.863415e+01 6.325394e+05
-7.608900e+02 7.090023e+01 2.842446e+01 6.279072e+05
-7.608429e+02 7.112286e+01 2.851371e+01 6.298788e+05
-7.607964e+02 7.121145e+01 2.854923e+01 6.306634e+05
-7.607534e+02 7.072048e+01 2.835240e+01 6.263153e+05
-7.607145e+02 7.047564e+01 2.825424e+01 6.241469e+05
-7.606793e+02 7.061746e+01 2.831109e+01 6.254030e+05
-7.606485e+02 7.096859e+01 2.845186e+01 6.285126e+05
-7.606232e+02 7.126417e+01 2.857037e+01 6.311304e+05
-7.606018e+02 7.165296e+01 2.872623e+01 6.345735e+05
-7.605857e+02 7.230062e+01 2.898589e+01 6.403094e+05
-7.605739e+02 7.163487e+01 2.871898e+01 6.344133e+05
-7.605637e+02 7.171389e+01 2.875066e+01 6.351132e+05
-7.605555e+02 7.136616e+01 2.861125e+01 6.320336e+05
-7.605488e+02 7.112053e+01 2.851278e+01 6.298582e+05
-7.605424e+02 7.053505e+01 2.827806e+01 6.246731e+05
-7.605399e+02 7.013780e+01 2.811879e+01 6.211549e+05
-7.605443e+02 7.030020e+01 2.818390e+01 6.225932e+05
-7.605531e+02 7.046530e+01 2.825009e+01 6.240554e+05
-7.605639e+02 7.072550e+01 2.835441e+01 6.263597e+05
-7.605780e+02 7.090682e+01 2.842710e+01 6.279656e+05
-7.605951e+02 7.091409e+01 2.843001e+01 6.280299e+05
-7.606146e+02 7.115775e+01 2.852770e+01 6.301878e+05
-7.606369e+02 7.107135e+01 2.849306e+01 6.294227e+05
-7.606606e+02 7.140743e+01 2.862780e+01 6.323990e+05
-7.606855e+02 7.165300e+01 2.872625e+01 6.345739e+05
-7.607131e+02 7.210419e+01 2.890713e+01 6.385697e+05
-7.607455e+02 7.211913e+01 2.891312e+01 6.387020e+05
-7.607832e+02 7.234989e+01 2.900564e+01 6.407457e+05
-7.608254e+02 7.221162e+01 2.895020e+01 6.395211e+05
-7.608709e+02 7.274928e+01 2.916576e+01 6.442828e+05
-7.609160e+02 7.369765e+01 2.954597e+01 6.526817e+05
-7.609609e+02 7.399260e+01 2.966422e+01 6.552939e+05
-7.610085e+02 7.409626e+01 2.970577e+01 6.562119e+05
-7.610565e+02 7.470495e+01 2.994980e+01 6.616026e+05
-7.611071e+02 7.473642e+01 2.996242e+01 6.618813e+05
-7.611611e+02 7.498988e+01 3.006403e+01 6.641260e+05
-7.612161e+02 7.493879e+01 3.004355e+01 6.636736e+05
-7.612731e+02 7.496806e+01 3.005528e+01 6.639327e+05
-7.613295e+02 7.537889e+01 3.021999e+01 6.675711e+05
-7.613838e+02 7.567297e+01 3.033789e+01 6.701756e+05
-7.614372e+02 7.501266e+01 3.007316e+01 6.643277e+05
-7.614888e+02 7.537681e+01 3.021915e+01 6.675527e+05
-7.615426e+02 7.609570e+01 3.050736e+01 6.739193e+05
-7.615986e+02 7.665906e+01 3.073322e+01 6.789086e+05
-7.616529e+02 7.651831e+01 3.067679e+01 6.776621e+05
-7.617058e+02 7.651605e+01 3.067588e+01 6.776421e+05
-7.617584e+02 7.670961e+01 3.075348e+01 6.793563e+05
-7.618104e+02 7.768699e+01 3.114533e+01 6.880122e+05
-7.618627e+02 7.794580e+01 3.124908e+01 6.903042e+05
-7.619145e+02 7.777731e+01 3.118153e+01 6.888120e+05
-7.619632e+02 7.791374e+01 3.123623e+01 6.900203e+05
-7.620106e+02 7.802577e+01 3.128114e+01 6.910125e+05
-7.620574e+02 7.792256e+01 3.123976e+01 6.900984e+05
-7.621032e+02 7.773284e+01 3.116371e+01 6.884182e+05
-7.621475e+02 7.757104e+01 3.109884e+01 6.869853e+05
-7.621906e+02 7.731279e+01 3.099530e+01 6.846982e+05
-7.622320e+02 7.761150e+01 3.111506e+01 6.873436e+05
-7.622719e+02 7.731105e+01 3.099461e+01 6.846827e+05
-7.623107e+02 7.740763e+01 3.103333e+01 6.855381e+05
-7.623480e+02 7.724615e+01 3.096859e+01 6.841080e+05
-7.623834e+02 7.765751e+01 3.113351e+01 6.877511e+05
-7.624176e+02 7.758531e+01 3.110456e+01 6.871117e+05
-7.624512e+02 7.800766e+01 3.127388e+01 6.908521e+05
-7.624842e+02 7.876929e+01 3.157923e+01 6.975972e+05
-7.625170e+02 7.941270e+01 3.183718e+01 7.032954e+05
-7.625477e+02 7.961501e+01 3.191828e+01 7.050871e+05
-7.625771e+02 7.976734e+01 3.197935e+01 7.064362e+05
-7.626073e+02 7.962828e+01 3.192360e+01 7.052047e+05
-7.626354e+02 7.945269e+01 3.185321e+01 7.036496e+05
-7.626594e+02 7.928833e+01 3.178732e+01 7.021940e+05
-7.626804e+02 8.023665e+01 3.216750e+01 7.105925e+05
-7.627005e+02 8.023889e+01 3.216840e+01 7.106123e+05
-7.627193e+02 7.997924e+01 3.206431e+01 7.083128e+05
-7.627363e+02 7.972568e+01 3.196265e+01 7.060672e+05
-7.627512e+02 7.967586e+01 3.194268e+01 7.056260e+05
-7.627613e+02 7.988734e+01 3.202746e+01 7.074989e+05
-7.627664e+02 8.049401e+01 3.227068e+01 7.128718e+05
-7.627695e+02 7.981033e+01 3.199659e+01 7.068169e+05
-7.627717e+02 8.071151e+01 3.235788e+01 7.147979e+05
-7.627710e+02 8.104294e+01 3.249075e+01 7.177332e+05
-7.627705e+02 8.153819e+01 3.268930e+01 7.221192e+05
-7.627715e+02 8.172517e+01 3.276426e+01 7.237751e+05
-7.627722e+02 8.238811e+01 3.303004e+01 7.296463e+05
-7.627713e+02 8.194461e+01 3.285224e+01 7.257186e+05
-7.627681e+02 8.239264e+01 3.303186e+01 7.296864e+05
-7.627613e+02 8.312144e+01 3.332404e+01 7.361408e+05
-7.627521e+02 8.255585e+01 3.309729e+01 7.311318e+05
-7.627393e+02 8.292200e+01 3.324408e+01 7.343745e+05
-7.627215e+02 8.316094e+01 3.333987e+01 7.364906e+05
-7.627027e+02 8.302589e+01 3.328573e+01 7.352946e+05
-7.626833e+02 8.324858e+01 3.337501e+01 7.372668e+05
-7.626608e+02 8.278062e+01 3.318740e+01 7.331224e+05
-7.626351e+02 8.289902e+01 3.323487e+01 7.341710e+05
-7.626081e+02 8.230430e+01 3.299644e+01 7.289040e+05
-7.625800e+02 8.255185e+01 3.309568e+01 7.310963e+05
-7.625499e+02 8.239056e+01 3.303102e+01 7.296679e+05
-7.625176e+02 8.243573e+01 3.304913e+01 7.300680e+05
-7.624826e+02 8.254816e+01 3.309421e+01 7.310637e+05
-7.624447e+02 8.343789e+01 3.345091e+01 7.389433e+05
-7.624068e+02 8.366331e+01 3.354128e+01 7.409397e+05
-7.623678e+02 8.343298e+01 3.344893e+01 7.388998e+05
-7.623256e+02 8.308977e+01 3.331134e+01 7.358603e+05
-7.622822e+02 8.322129e+01 3.336407e+01 7.370251e+05
-7.622377e+02 8.296069e+01 3.325959e+01 7.347171e+05
-7.621930e+02 8.215745e+01 3.293757e+01 7.276035e+05
-7.621486e+02 8.242683e+01 3.304557e+01 7.299892e+05
-7.621032e+02 8.220836e+01 3.295798e+01 7.280544e+05
-7.620567e+02 8.231359e+01 3.300017e+01 7.289863e+05
-7.620095e+02 8.212138e+01 3.292310e+01 7.272840e+05
-7.619589e+02 8.187764e+01 3.282539e+01 7.251254e+05
-7.619031e+02 8.165192e+01 3.273490e+01 7.231265e+05
-7.618429e+02 8.179889e+01 3.279382e+01 7.244280e+05
-7.617798e+02 8.188541e+01 3.282850e+01 7.251943e+05
-7.617164e+02 8.219557e+01 3.295285e+01 7.279411e+05
-7.616537e+02 8.209266e+01 3.291159e+01 7.270297e+05
-7.615890e+02 8.225734e+01 3.297761e+01 7.284881e+05
-7.615207e+02 8.249019e+01 3.307096e+01 7.305503e+05
-7.614501e+02 8.270910e+01 3.315873e+01 7.324891e+05
-7.613790e+02 8.225031e+01 3.297479e+01 7.284259e+05
-7.613086e+02 8.218920e+01 3.295030e+01 7.278847e+05
-7.612387e+02 8.221646e+01 3.296123e+01 7.281261e+05
-7.611675e+02 8.250064e+01 3.307516e+01 7.306429e+05
-7.610966e+02 8.244507e+01 3.305288e+01 7.301507e+05
-7.610260e+02 8.255327e+01 3.309626e+01 7.311090e+05
-7.609546e+02 8.205113e+01 3.289494e+01 7.266619e+05
-7.608824e+02 8.129554e+01 3.259202e+01 7.199703e+05
-7.608076e+02 8.081549e+01 3.239956e+01 7.157188e+05
-7.607324e+02 8.110515e+01 3.251569e+01 7.182841e+05
-7.606558e+02 8.165005e+01 3.273414e+01 7.231098e+05
-7.605789e+02 8.192311e+01 3.284362e+01 7.255281e+05
-7.605039e+02 8.174556e+01 3.277244e+01 7.239558e+05
-7.604289e+02 8.196438e+01 3.286016e+01 7.258936e+05
-7.603531e+02 8.208550e+01 3.290872e+01 7.269663e+05
-7.602755e+02 8.207289e+01 3.290366e+01 7.268546e+05
-7.601957e+02 8.204028e+01 3.289059e+01 7.265658e+05
-7.601146e+02 8.203873e+01 3.288997e+01 7.265521e+05
-7.600332e+02 8.285493e+01 3.321719e+01 7.337805e+05
-7.599494e+02 8.304429e+01 3.329311e+01 7.354575e+05
-7.598629e+02 8.329755e+01 3.339464e+01 7.377004e+05
-7.597767e+02 8.365783e+01 3.353908e+01 7.408912e+05
-7.596900e+02 8.400338e+01 3.367762e+01 7.439515e+05
-7.596010e+02 8.396057e+01 3.366045e+01 7.435723e+05
-7.595095e+02 8.354746e+01 3.349483e+01 7.399137e+05
-7.594154e+02 8.342321e+01 3.344502e+01 7.388134e+05
-7.593204e+02 8.350401e+01 3.347741e+01 7.395289e+05
-7.592253e+02 8.303712e+01 3.329023e+01 7.353941e+05
-7.591285e+02 8.329713e+01 3.339447e+01 7.376967e+05
-7.590292e+02 8.365107e+01 3.353637e+01 7.408313e+05
-7.589302e+02 8.414685e+01 3.373513e+01 7.452220e+05
-7.588338e+02 8.425020e+01 3.377657e+01 7.461373e+05
-7.587389e+02 8.445352e+01 3.385808e+01 7.479380e+05
-7.586434e+02 8.379947e+01 3.359587e+01 7.421456e+05
-7.585477e+02 8.349609e+01 3.347424e+01 7.394587e+05
-7.584516e+02 8.370846e+01 3.355938e+01 7.413395e+05
-7.583577e+02 8.385123e+01 3.361662e+01 7.426040e+05
-7.582682e+02 8.298431e+01 3.326906e+01 7.349264e+05
-7.581813e+02 8.294115e+01 3.325176e+01 7.345441e+05
-7.580954e+02 8.234133e+01 3.301129e+01 7.292320e+05
-7.580084e+02 8.208694e+01 3.290930e+01 7.269790e+05
-7.579221e+02 8.255155e+01 3.309557e+01 7.310938e+05
-7.578378e+02 8.230047e+01 3.299490e+01 7.288701e+05
-7.577548e+02 8.179049e+01 3.279045e+01 7.243536e+05
-7.576736e+02 8.198381e+01 3.286795e+01 7.260657e+05
-7.575920e+02 8.181490e+01 3.280024e+01 7.245698e+05
-7.575083e+02 8.141127e+01 3.263842e+01 7.209952e+05
-7.574250e+02 8.083500e+01 3.240739e+01 7.158916e+05
-7.573405e+02 8.006626e+01 3.209919e+01 7.090835e+05
-7.572552e+02 7.992825e+01 3.204386e+01 7.078612e+05
-7.571716e+02 7.988307e+01 3.202575e+01 7.074611e+05
-7.570893e+02 7.939376e+01 3.182958e+01 7.031277e+05
-7.570075e+02 7.887324e+01 3.162090e+01 6.985178e+05
-7.569251e+02 7.852762e+01 3.148234e+01 6.954569e+05
-7.568415e+02 7.888740e+01 3.162658e+01 6.986432e+05
-7.567569e+02 7.893594e+01 3.164604e+01 6.990731e+05
-7.566714e+02 7.894476e+01 3.164957e+01 6.991512e+05
-7.565836e+02 7.909346e+01 3.170919e+01 7.004682e+05
-7.564935e+02 7.923008e+01 3.176396e+01 7.016781e+05
-7.564036e+02 7.914795e+01 3.173104e+01 7.009508e+05
-7.563140e+02 7.831767e+01 3.139817e+01 6.935976e+05
-7.562221e+02 7.837624e+01 3.142165e+01 6.941163e+05
-7.561284e+02 7.855727e+01 3.149423e+01 6.957196e+05
-7.560357e+02 7.876075e+01 3.157580e+01 6.975216e+05
-7.559421e+02 7.842593e+01 3.144157e+01 6.945564e+05
-7.558462e+02 7.845425e+01 3.145292e+01 6.948072e+05
-7.557497e+02 7.900913e+01 3.167538e+01 6.997213e+05
-7.556524e+02 7.856074e+01 3.149562e+01 6.957503e+05
-7.555563e+02 7.837242e+01 3.142012e+01 6.940825e+05
-7.554612e+02 7.764665e+01 3.112915e+01 6.876549e+05
-7.553634e+02 7.728688e+01 3.098492e+01 6.844687e+05
-7.552646e+02 7.807983e+01 3.130282e+01 6.914912e+05
-7.551662e+02 7.817925e+01 3.134268e+01 6.923717e+05
-7.550681e+02 7.796432e+01 3.125651e+01 6.904683e+05
-7.549701e+02 7.816679e+01 3.133768e+01 6.922614e+05
-7.548727e+02 7.829533e+01 3.138921e+01 6.933997e+05
-7.547770e+02 7.813665e+01 3.132559e+01 6.919944e+05
-7.546786e+02 7.877188e+01 3.158026e+01 6.976201e+05
-7.545774e+02 7.813372e+01 3.132442e+01 6.919685e+05
-7.544772e+02 7.860150e+01 3.151196e+01 6.961113e+05
-7.543776e+02 7.856574e+01 3.149762e+01 6.957946e+05
-7.542783e+02 7.919100e+01 3.174829e+01 7.013320e+05
-7.541790e+02 7.946405e+01 3.185776e+01 7.037502e+05
-7.540781e+02 7.970171e+01 3.195304e+01 7.058550e+05
-7.539747e+02 8.011771e+01 3.211982e+01 7.095391e+05
-7.538707e+02 8.034219e+01 3.220982e+01 7.115272e+05
-7.537687e+02 8.035206e+01 3.221377e+01 7.116145e+05
-7.536674e+02 8.028704e+01 3.218771e+01 7.110388e+05
-7.535658e+02 8.055440e+01 3.229489e+01 7.134066e+05
-7.534629e+02 8.102290e+01 3.248272e+01 7.175557e+05
-7.533590e+02 8.058068e+01 3.230543e+01 7.136393e+05
-7.532561e+02 8.102512e+01 3.248361e+01 7.175754e+05
-7.531537e+02 8.062754e+01 3.232421e+01 7.140543e+05
-7.530520e+02 8.071068e+01 3.235755e+01 7.147906e+05
-7.529505e+02 8.086974e+01 3.242131e+01 7.161993e+05
-7.528491e+02 8.087694e+01 3.242420e+01 7.162630e+05
-7.527462e+02 8.118329e+01 3.254702e+01 7.189761e+05
-7.526409e+02 8.132478e+01 3.260374e+01 7.202292e+05
-7.525356e+02 8.164267e+01 3.273119e+01 7.230445e+05
-7.524316e+02 8.178161e+01 3.278689e+01 7.242750e+05
-7.523289e+02 8.176919e+01 3.278191e+01 7.241650e+05
-7.522263e+02 8.126375e+01 3.257928e+01 7.196887e+05
-7.521239e+02 8.151307e+01 3.267923e+01 7.218968e+05
-7.520226e+02 8.177867e+01 3.278571e+01 7.242490e+05
-7.519218e+02 8.126365e+01 3.257924e+01 7.196878e+05
-7.518190e+02 8.083861e+01 3.240883e+01 7.159236e+05
-7.517161e+02 8.064087e+01 3.232956e+01 7.141723e+05
-7.516165e+02 8.100643e+01 3.247611e+01 7.174098e+05
-7.515196e+02 8.061827e+01 3.232050e+01 7.139722e+05
-7.514244e+02 8.056166e+01 3.229780e+01 7.134708e+05
-7.513313e+02 8.029870e+01 3.219238e+01 7.111420e+05
-7.512400e+02 8.013485e+01 3.212669e+01 7.096909e+05
-7.511478e+02 7.976846e+01 3.197980e+01 7.064461e+05
-7.510527e+02 8.006486e+01 3.209863e+01 7.090711e+05
-7.509556e+02 8.040118e+01 3.223347e+01 7.120496e+05
-7.508584e+02 8.041521e+01 3.223909e+01 7.121739e+05
-7.507636e+02 8.007828e+01 3.210401e+01 7.091899e+05
-7.506672e+02 8.064757e+01 3.233224e+01 7.142317e+05
-7.505687e+02 8.043784e+01 3.224816e+01 7.123743e+05
-7.504716e+02 8.009426e+01 3.211042e+01 7.093315e+05
-7.503756e+02 7.953151e+01 3.188481e+01 7.043476e+05
-7.502790e+02 7.895713e+01 3.165453e+01 6.992608e+05
-7.501813e+02 7.870523e+01 3.155355e+01 6.970300e+05
-7.500843e+02 7.850374e+01 3.147277e+01 6.952455e+05
-7.499900e+02 7.823508e+01 3.136506e+01 6.928662e+05
-7.498994e+02 7.813815e+01 3.132620e+01 6.920077e+05
-7.498094e+02 7.825138e+01 3.137159e+01 6.930105e+05
-7.497192e+02 7.798187e+01 3.126354e+01 6.906237e+05
-7.496298e+02 7.773812e+01 3.116582e+01 6.884650e+05
-7.495423e+02 7.773453e+01 3.116438e+01 6.884332e+05
-7.494559e+02 7.707815e+01 3.090124e+01 6.826202e+05
-7.493706e+02 7.660524e+01 3.071164e+01 6.784320e+05
-7.492868e+02 7.680431e+01 3.079145e+01 6.801950e+05
-7.492031e+02 7.638297e+01 3.062253e+01 6.764635e+05
-7.491189e+02 7.645832e+01 3.065274e+01 6.771308e+05
-7.490347e+02 7.636567e+01 3.061560e+01 6.763103e+05
-7.489525e+02 7.586579e+01 3.041519e+01 6.718832e+05
-7.488727e+02 7.508317e+01 3.010143e+01 6.649522e+05
-7.487961e+02 7.468961e+01 2.994365e+01 6.614667e+05
-7.487227e+02 7.508878e+01 3.010368e+01 6.650019e+05
-7.486497e+02 7.507717e+01 3.009903e+01 6.648990e+05
-7.485784e+02 7.475577e+01 2.997018e+01 6.620527e+05
-7.485073e+02 7.481897e+01 2.999551e+01 6.626124e+05
-7.484340e+02 7.504474e+01 3.008603e+01 6.646119e+05
-7.483612e+02 7.567634e+01 3.033924e+01 6.702054e+05
-7.482888e+02 7.521664e+01 3.015494e+01 6.661342e+05
-7.482179e+02 7.536592e+01 3.021479e+01 6.674563e+05
-7.481494e+02 7.502622e+01 3.007860e+01 6.644478e+05
-7.480811e+02 7.487749e+01 3.001897e+01 6.631306e+05
-7.480119e+02 7.482676e+01 2.999863e+01 6.626813e+05
-7.479428e+02 7.547399e+01 3.025812e+01 6.684134e+05
-7.478739e+02 7.497626e+01 3.005857e+01 6.640054e+05
-7.478051e+02 7.467813e+01 2.993905e+01 6.613651e+05
-7.477389e+02 7.427880e+01 2.977895e+01 6.578285e+05
-7.476736e+02 7.512480e+01 3.011812e+01 6.653209e+05
-7.476077e+02 7.497493e+01 3.005804e+01 6.639936e+05
-7.475412e+02 7.461855e+01 2.991516e+01 6.608374e+05
-7.474739e+02 7.481717e+01 2.999479e+01 6.625964e+05
-7.474073e+02 7.463334e+01 2.992109e+01 6.609684e+05
-7.473449e+02 7.479940e+01 2.998767e+01 6.624391e+05
-7.472842e+02 7.473511e+01 2.996189e+01 6.618697e+05
-7.472214e+02 7.472381e+01 2.995736e+01 6.617696e+05
-7.471577e+02 7.449163e+01 2.986428e+01 6.597134e+05
-7.470939e+02 7.445288e+01 2.984874e+01 6.593702e+05
-7.470301e+02 7.502206e+01 3.007693e+01 6.644110e+05
-7.469665e+02 7.567513e+01 3.033875e+01 6.701947e+05
-7.469036e+02 7.587727e+01 3.041979e+01 6.719849e+05
-7.468407e+02 7.528420e+01 3.018203e+01 6.667325e+05
-7.467781e+02 7.575104e+01 3.036918e+01 6.708669e+05
-7.467177e+02 7.527595e+01 3.017872e+01 6.666595e+05
-7.466602e+02 7.502103e+01 3.007652e+01 6.644018e+05
-7.466037e+02 7.544636e+01 3.024704e+01 6.681686e+05
-7.465476e+02 7.545356e+01 3.024993e+01 6.682325e+05
-7.464913e+02 7.566451e+01 3.033450e+01 6.701006e+05
-7.464338e+02 7.559902e+01 3.030824e+01 6.695207e+05
-7.463759e+02 7.574587e+01 3.036711e+01 6.708212e+05
-7.463165e+02 7.641306e+01 3.063460e+01 6.767300e+05
-7.462544e+02 7.666946e+01 3.073739e+01 6.790007e+05
-7.461932e+02 7.654943e+01 3.068927e+01 6.779377e+05
-7.461344e+02 7.668402e+01 3.074323e+01 6.791296e+05
-7.460772e+02 7.696458e+01 3.085570e+01 6.816143e+05
-7.460224e+02 7.779912e+01 3.119028e+01 6.890052e+05
-7.459697e+02 7.794141e+01 3.124732e+01 6.902653e+05
-7.459176e+02 7.781981e+01 3.119857e+01 6.891885e+05
-7.458676e+02 7.814908e+01 3.133058e+01 6.921045e+05
-7.458187e+02 7.806209e+01 3.129570e+01 6.913341e+05
-7.457698e+02 7.770899e+01 3.115415e+01 6.882070e+05
-7.457231e+02 7.719050e+01 3.094628e+01 6.836152e+05
-7.456774e+02 7.741322e+01 3.103557e+01 6.855876e+05
-7.456318e+02 7.742735e+01 3.104123e+01 6.857128e+05
-7.455862e+02 7.793184e+01 3.124349e+01 6.901806e+05
-7.455410e+02 7.840936e+01 3.143493e+01 6.944096e+05
-7.454964e+02 7.876045e+01 3.157568e+01 6.975190e+05
-7.454527e+02 7.897057e+01 3.165992e+01 6.993799e+05
-7.454105e+02 7.880904e+01 3.159516e+01 6.979493e+05
-7.453685e+02 7.837284e+01 3.142029e+01 6.940862e+05
-7.453259e+02 7.756359e+01 3.109585e+01 6.869194e+05
-7.452841e+02 7.710023e+01 3.091009e+01 6.828157e+05
-7.452455e+02 7.755273e+01 3.109150e+01 6.868231e+05
-7.452100e+02 7.737054e+01 3.101846e+01 6.852096e+05
-7.451756e+02 7.695348e+01 3.085125e+01 6.815161e+05
-7.451424e+02 7.762014e+01 3.111852e+01 6.874201e+05
-7.451103e+02 7.782783e+01 3.120179e+01 6.892594e+05
-7.450783e+02 7.877068e+01 3.157978e+01 6.976096e+05
-7.450445e+02 7.887611e+01 3.162205e+01 6.985433e+05
-7.450100e+02 7.825266e+01 3.137210e+01 6.930218e+05
-7.449744e+02 7.807717e+01 3.130175e+01 6.914677e+05
-7.449369e+02 7.808210e+01 3.130373e+01 6.915114e+05
-7.449013e+02 7.794638e+01 3.124932e+01 6.903094e+05
-7.448658e+02 7.786164e+01 3.121534e+01 6.895589e+05
-7.448287e+02 7.780838e+01 3.119399e+01 6.890872e+05
-7.447929e+02 7.807125e+01 3.129938e+01 6.914153e+05
-7.447585e+02 7.801110e+01 3.127526e+01 6.908825e+05
-7.447252e+02 7.756343e+01 3.109579e+01 6.869179e+05
-7.446931e+02 7.771498e+01 3.115655e+01 6.882601e+05
-7.446607e+02 7.768642e+01 3.114510e+01 6.880071e+05
-7.446300e+02 7.777275e+01 3.117971e+01 6.887717e+05
-7.446032e+02 7.793976e+01 3.124666e+01 6.902507e+05
-7.445787e+02 7.809243e+01 3.130787e+01 6.916028e+05
-7.445553e+02 7.814232e+01 3.132787e+01 6.920447e+05
-7.445333e+02 7.840173e+01 3.143187e+01 6.943420e+05
-7.445116e+02 7.885285e+01 3.161272e+01 6.983372e+05
-7.444881e+02 7.878614e+01 3.158598e+01 6.977464e+05
-7.444629e+02 7.924279e+01 3.176906e+01 7.017906e+05
-7.444387e+02 7.896291e+01 3.165685e+01 6.993120e+05
-7.444162e+02 7.882398e+01 3.160115e+01 6.980816e+05
-7.443942e+02 7.937267e+01 3.182113e+01 7.029409e+05
-7.443715e+02 7.924233e+01 3.176887e+01 7.017866e+05
-7.443497e+02 7.915762e+01 3.173491e+01 7.010364e+05
-7.443290e+02 7.901053e+01 3.167594e+01 6.997337e+05
-7.443092e+02 7.876594e+01 3.157788e+01 6.975676e+05
-7.442912e+02 7.885875e+01 3.161509e+01 6.983895e+05
-7.442735e+02 7.885880e+01 3.161511e+01 6.983900e+05
-7.442552e+02 7.919886e+01 3.175144e+01 7.014016e+05
-7.442372e+02 7.927570e+01 3.178225e+01 7.020821e+05
-7.442192e+02 7.852840e+01 3.148265e+01 6.954639e+05
-7.442016e+02 7.825126e+01 3.137155e+01 6.930095e+05
-7.441851e+02 7.811294e+01 3.131609e+01 6.917845e+05
-7.441693e+02 7.821607e+01 3.135744e+01 6.926978e+05
-7.441544e+02 7.815789e+01 3.133411e+01 6.921826e+05
-7.441394e+02 7.815836e+01 3.133430e+01 6.921867e+05
-7.441232e+02 7.860934e+01 3.151510e+01 6.961807e+05
-7.441075e+02 7.848137e+01 3.146380e+01 6.950473e+05
-7.440921e+02 7.884779e+01 3.161070e+01 6.982925e+05
-7.440743e+02 7.906677e+01 3.169849e+01 7.002318e+05
-7.440549e+02 7.904220e+01 3.168864e+01 7.000142e+05
-7.440351e+02 7.859099e+01 3.150775e+01 6.960182e+05
-7.440160e+02 7.901349e+01 3.167713e+01 6.997599e+05
-7.439997e+02 7.891817e+01 3.163892e+01 6.989158e+05
-7.439844e+02 7.887637e+01 3.162216e+01 6.985456e+05
-7.439669e+02 7.883595e+01 3.160595e+01 6.981876e+05
-7.439469e+02 7.854879e+01 3.149083e+01 6.956444e+05
-7.439260e+02 7.846904e+01 3.145885e+01 6.949382e+05
-7.439069e+02 7.851589e+01 3.147764e+01 6.953531e+05
-7.438897e+02 7.821276e+01 3.135611e+01 6.926685e+05
-7.438748e+02 7.818852e+01 3.134639e+01 6.924539e+05
-7.438633e+02 7.847923e+01 3.146294e+01 6.950284e+05
-7.438544e+02 7.914240e+01 3.172881e+01 7.009016e+05
-7.438474e+02 7.935555e+01 3.181426e+01 7.027893e+05
-7.438411e+02 7.986925e+01 3.202021e+01 7.073388e+05
-7.438351e+02 8.019602e+01 3.215121e+01 7.102326e+05
-7.438297e+02 8.034524e+01 3.221104e+01 7.115542e+05
-7.438248e+02 7.985872e+01 3.201599e+01 7.072455e+05
-7.438212e+02 8.015413e+01 3.213442e+01 7.098617e+05
-7.438192e+02 7.967443e+01 3.194210e+01 7.056134e+05
-7.438188e+02 7.954020e+01 3.188829e+01 7.044246e+05
-7.438201e+02 7.965161e+01 3.193296e+01 7.054113e+05
-7.438227e+02 7.856622e+01 3.149781e+01 6.957988e+05
-7.438241e+02 7.859191e+01 3.150812e+01 6.960264e+05
-7.438245e+02 7.827851e+01 3.138247e+01 6.932508e+05
-7.438251e+02 7.873628e+01 3.156599e+01 6.973049e+05
-7.438267e+02 7.893197e+01 3.164445e+01 6.990380e+05
-7.438278e+02 7.988971e+01 3.202841e+01 7.075199e+05
-7.438279e+02 7.945774e+01 3.185523e+01 7.036943e+05
-7.438280e+02 8.013119e+01 3.212522e+01 7.096585e+05
-7.438284e+02 7.960090e+01 3.191263e+01 7.049622e+05
-7.438295e+02 7.966048e+01 3.193651e+01 7.054898e+05
-7.438298e+02 7.947302e+01 3.186136e+01 7.038296e+05
-7.438286e+02 7.937179e+01 3.182077e+01 7.029331e+05
-7.438259e+02 7.965674e+01 3.193501e+01 7.054567e+05
-7.438226e+02 8.066959e+01 3.234107e+01 7.144267e+05
-7.438194e+02 8.099773e+01 3.247263e+01 7.173328e+05
-7.438174e+02 8.103218e+01 3.248644e+01 7.176378e+05
-7.438159e+02 8.065103e+01 3.233363e+01 7.142623e+05
-7.438136e+02 8.061553e+01 3.231940e+01 7.139480e+05
-7.438106e+02 8.057244e+01 3.230212e+01 7.135663e+05
-7.438059e+02 8.021897e+01 3.216042e+01 7.104359e+05
-7.438004e+02 8.013033e+01 3.212488e+01 7.096509e+05
-7.437945e+02 7.997787e+01 3.206376e+01 7.083007e+05
-7.437889e+02 8.006763e+01 3.209974e+01 7.090956e+05
-7.437831e+02 7.949342e+01 3.186953e+01 7.040103e+05
-7.437753e+02 7.966682e+01 3.193905e+01 7.055460e+05
-7.437680e+02 7.974589e+01 3.197075e+01 7.062462e+05
-7.437628e+02 8.071392e+01 3.235884e+01 7.148193e+05
-7.437577e+02 8.061552e+01 3.231940e+01 7.139478e+05
-7.437521e+02 8.033400e+01 3.220653e+01 7.114547e+05
-7.437463e+02 8.134173e+01 3.261054e+01 7.203793e+05
-7.437382e+02 8.177533e+01 3.278437e+01 7.242194e+05
-7.437270e+02 8.166045e+01 3.273832e+01 7.232020e+05
-7.437137e+02 8.169597e+01 3.275256e+01 7.235165e+05
-7.436986e+02 8.160073e+01 3.271437e+01 7.226730e+05
-7.436798e+02 8.159684e+01 3.271281e+01 7.226386e+05
-7.436587e+02 8.196995e+01 3.286240e+01 7.259429e+05
-7.436380e+02 8.196745e+01 3.286139e+01 7.259208e+05
-7.436175e+02 8.159706e+01 3.271290e+01 7.226405e+05
-7.435975e+02 8.115696e+01 3.253646e+01 7.187430e+05
-7.435766e+02 8.147179e+01 3.266268e+01 7.215312e+05
-7.435554e+02 8.181750e+01 3.280128e+01 7.245929e+05
-7.435333e+02 8.252591e+01 3.308529e+01 7.308667e+05
-7.435088e+02 8.232240e+01 3.300370e+01 7.290643e+05
-7.434830e+02 8.244204e+01 3.305166e+01 7.301239e+05
-7.434576e+02 8.231341e+01 3.300009e+01 7.289847e+05
-7.434338e+02 8.240744e+01 3.303779e+01 7.298175e+05
-7.434103e+02 8.250707e+01 3.307773e+01 7.306998e+05
-7.433872e+02 8.263207e+01 3.312785e+01 7.318068e+05
-7.433646e+02 8.290148e+01 3.323586e+01 7.341928e+05
-7.433416e+02 8.279025e+01 3.319126e+01 7.332077e+05
-7.433171e+02 8.305600e+01 3.329780e+01 7.355613e+05
-7.432910e+02 8.251344e+01 3.308028e+01 7.307562e+05
-7.432642e+02 8.283502e+01 3.320921e+01 7.336042e+05
-7.432357e+02 8.235379e+01 3.301628e+01 7.293423e+05
-7.432053e+02 8.250945e+01 3.307869e+01 7.307209e+05
-7.431731e+02 8.270652e+01 3.315769e+01 7.324662e+05
-7.431411e+02 8.277120e+01 3.318362e+01 7.330390e+05
-7.431102e+02 8.212869e+01 3.292604e+01 7.273488e+05
-7.430795e+02 8.234832e+01 3.301409e+01 7.292939e+05
-7.430487e+02 8.263094e+01 3.312739e+01 7.317968e+05
-7.430183e+02 8.223616e+01 3.296912e+01 7.283006e+05
-7.429874e+02 8.222033e+01 3.296277e+01 7.281603e+05
-7.429563e+02 8.212878e+01 3.292607e+01 7.273495e+05
-7.429257e+02 8.195457e+01 3.285623e+01 7.258068e+05
-7.428945e+02 8.158547e+01 3.270826e+01 7.225379e+05
-7.428614e+02 8.112312e+01 3.252289e+01 7.184432e+05
-7.428278e+02 8.109947e+01 3.251341e+01 7.182338e+05
-7.427950e+02 8.092236e+01 3.244241e+01 7.166653e+05
-7.427632e+02 8.100606e+01 3.247596e+01 7.174065e+05
-7.427319e+02 8.093533e+01 3.244761e+01 7.167801e+05
-7.426996e+02 8.062153e+01 3.232181e+01 7.140011e+05
-7.426683e+02 8.078486e+01 3.238728e+01 7.154475e+05
-7.426375e+02 8.029581e+01 3.219122e+01 7.111164e+05
-7.426061e+02 8.003269e+01 3.208573e+01 7.087862e+05
-7.425741e+02 8.008325e+01 3.210601e+01 7.092340e+05
-7.425411e+02 8.057693e+01 3.230392e+01 7.136061e+05
-7.425072e+02 8.101821e+01 3.248084e+01 7.175141e+05
-7.424728e+02 8.151962e+01 3.268186e+01 7.219548e+05
-7.424391e+02 8.119177e+01 3.255042e+01 7.190512e+05
-7.424047e+02 8.112691e+01 3.252441e+01 7.184768e+05
-7.423678e+02 8.114811e+01 3.253291e+01 7.186646e+05
-7.423295e+02 8.098698e+01 3.246832e+01 7.172376e+05
-7.422898e+02 8.081661e+01 3.240001e+01 7.157287e+05
-7.422499e+02 8.112446e+01 3.252343e+01 7.184551e+05
-7.422108e+02 8.052185e+01 3.228184e+01 7.131183e+05
-7.421731e+02 8.053672e+01 3.228780e+01 7.132500e+05
-7.421349e+02 8.122271e+01 3.256282e+01 7.193252e+05
-7.420954e+02 8.110115e+01 3.251409e+01 7.182487e+05
-7.420551e+02 8.116662e+01 3.254034e+01 7.188285e+05
-7.420136e+02 8.088751e+01 3.242844e+01 7.163566e+05
-7.419721e+02 8.012657e+01 3.212337e+01 7.096176e+05
-7.419306e+02 8.110312e+01 3.251488e+01 7.182661e+05
-7.418892e+02 8.041595e+01 3.223938e+01 7.121804e+05
-7.418479e+02 8.016028e+01 3.213689e+01 7.099161e+05
-7.418062e+02 8.045680e+01 3.225576e+01 7.125422e+05
-7.417637e+02 8.018969e+01 3.214868e+01 7.101766e+05
-7.417191e+02 8.018148e+01 3.214539e+01 7.101039e+05
-7.416724e+02 8.042449e+01 3.224281e+01 7.122561e+05
-7.416252e+02 8.093075e+01 3.244577e+01 7.167396e+05
-7.415789e+02 8.134551e+01 3.261205e+01 7.204128e+05
-7.415339e+02 8.081782e+01 3.240050e+01 7.157395e+05
-7.414879e+02 8.116595e+01 3.254007e+01 7.188226e+05
-7.414425e+02 8.141031e+01 3.263803e+01 7.209867e+05
-7.413997e+02 8.090299e+01 3.243465e+01 7.164938e+05
-7.413581e+02 8.037338e+01 3.222232e+01 7.118034e+05
-7.413177e+02 8.067350e+01 3.234264e+01 7.144613e+05
-7.412764e+02 8.046451e+01 3.225885e+01 7.126105e+05
-7.412342e+02 7.993753e+01 3.204758e+01 7.079434e+05
-7.411909e+02 7.955292e+01 3.189339e+01 7.045372e+05
-7.411474e+02 7.953374e+01 3.188570e+01 7.043674e+05
-7.411047e+02 7.916497e+01 3.173786e+01 7.011015e+05
-7.410628e+02 7.908303e+01 3.170501e+01 7.003758e+05
-7.410219e+02 7.894232e+01 3.164860e+01 6.991297e+05
-7.409803e+02 7.934475e+01 3.180993e+01 7.026936e+05
-7.409367e+02 7.925821e+01 3.177524e+01 7.019272e+05
-7.408914e+02 7.922817e+01 3.176319e+01 7.016612e+05
-7.408465e+02 8.020098e+01 3.215320e+01 7.102766e+05
-7.408018e+02 8.015494e+01 3.213475e+01 7.098689e+05
-7.407568e+02 7.958451e+01 3.190606e+01 7.048170e+05
-7.407117e+02 7.964670e+01 3.193099e+01 7.053678e+05
-7.406670e+02 7.932580e+01 3.180233e+01 7.025258e+05
-7.406205e+02 7.912279e+01 3.172095e+01 7.007279e+05
-7.405724e+02 7.930700e+01 3.179480e+01 7.023593e+05
-7.405256e+02 7.968650e+01 3.194694e+01 7.057202e+05
-7.404788e+02 8.023108e+01 3.216527e+01 7.105431e+05
-7.404323e+02 7.979551e+01 3.199065e+01 7.066857e+05
-7.403866e+02 8.042016e+01 3.224107e+01 7.122177e+05
-7.403398e+02 8.051096e+01 3.227748e+01 7.130219e+05
-7.402935e+02 8.005105e+01 3.209310e+01 7.089488e+05
-7.402487e+02 8.116208e+01 3.253851e+01 7.187883e+05
-7.402045e+02 8.110224e+01 3.251453e+01 7.182584e+05
-7.401607e+02 8.133065e+01 3.260610e+01 7.202812e+05
-7.401162e+02 8.173674e+01 3.276890e+01 7.238776e+05
-7.400724e+02 8.202650e+01 3.288507e+01 7.264437e+05
-7.400284e+02 8.278677e+01 3.318987e+01 7.331769e+05
-7.399829e+02 8.267489e+01 3.314501e+01 7.321860e+05
-7.399365e+02 8.311912e+01 3.332311e+01 7.361202e+05
-7.398913e+02 8.339189e+01 3.343246e+01 7.385360e+05
-7.398467e+02 8.312195e+01 3.332424e+01 7.361453e+05
-7.398012e+02 8.276071e+01 3.317942e+01 7.329461e+05
-7.397539e+02 8.252637e+01 3.308547e+01 7.308707e+05
-7.397042e+02 8.229360e+01 3.299215e+01 7.288093e+05
-7.396524e+02 8.270259e+01 3.315612e+01 7.324314e+05
-7.395972e+02 8.256191e+01 3.309972e+01 7.311855e+05
-7.395381e+02 8.254148e+01 3.309153e+01 7.310045e+05
-7.394770e+02 8.274311e+01 3.317236e+01 7.327902e+05
-7.394146e+02 8.329024e+01 3.339171e+01 7.376357e+05
-7.393510e+02 8.323423e+01 3.336926e+01 7.371397e+05
-7.392868e+02 8.183260e+01 3.280733e+01 7.247266e+05
-7.392222e+02 8.199513e+01 3.287249e+01 7.261659e+05
-7.391578e+02 8.158074e+01 3.270636e+01 7.224960e+05
-7.390939e+02 8.078132e+01 3.238587e+01 7.154162e+05
-7.390299e+02 8.068897e+01 3.234884e+01 7.145983e+05
-7.389662e+02 8.046643e+01 3.225962e+01 7.126275e+05
-7.389012e+02 8.008773e+01 3.210780e+01 7.092736e+05
-7.388346e+02 8.011282e+01 3.211786e+01 7.094958e+05
-7.387684e+02 8.023255e+01 3.216586e+01 7.105562e+05
-7.387016e+02 8.008433e+01 3.210644e+01 7.092435e+05
-7.386335e+02 8.052916e+01 3.228477e+01 7.131830e+05
-7.385649e+02 8.041909e+01 3.224065e+01 7.122082e+05
-7.384959e+02 8.076514e+01 3.237938e+01 7.152729e+05
-7.384268e+02 8.078795e+01 3.238852e+01 7.154749e+05
-7.383566e+02 8.036528e+01 3.221907e+01 7.117317e+05
-7.382856e+02 8.013676e+01 3.212745e+01 7.097078e+05
-7.382140e+02 8.005231e+01 3.209360e+01 7.089600e+05
-7.381418e+02 8.022728e+01 3.216375e+01 7.105095e+05
-7.380696e+02 7.985021e+01 3.201258e+01 7.071701e+05
-7.379989e+02 7.960764e+01 3.191533e+01 7.050219e+05
-7.379293e+02 7.995586e+01 3.205493e+01 7.081057e+05
-7.378578e+02 8.031998e+01 3.220091e+01 7.113304e+05
-7.377851e+02 7.996050e+01 3.205679e+01 7.081469e+05
-7.377124e+02 7.917754e+01 3.174290e+01 7.012128e+05
-7.376394e+02 7.959100e+01 3.190866e+01 7.048745e+05
-7.375657e+02 8.001924e+01 3.208034e+01 7.086671e+05
-7.374916e+02 7.943069e+01 3.184439e+01 7.034547e+05
-7.374192e+02 7.889215e+01 3.162848e+01 6.986853e+05
-7.373481e+02 7.866713e+01 3.153827e+01 6.966925e+05
-7.372772e+02 7.828483e+01 3.138500e+01 6.933068e+05
-7.372066e+02 7.822917e+01 3.136269e+01 6.928138e+05
-7.371360e+02 7.890023e+01 3.163172e+01 6.987569e+05
-7.370668e+02 7.902656e+01 3.168237e+01 6.998757e+05
-7.370001e+02 7.889995e+01 3.163161e+01 6.987544e+05
-7.369346e+02 7.940772e+01 3.183518e+01 7.032513e+05
-7.368691e+02 7.972539e+01 3.196254e+01 7.060647e+05
-7.368040e+02 7.959347e+01 3.190965e+01 7.048963e+05
-7.367395e+02 7.933409e+01 3.180566e+01 7.025992e+05
-7.366757e+02 7.990490e+01 3.203450e+01 7.076544e+05
-7.366117e+02 7.964795e+01 3.193149e+01 7.053788e+05
-7.365479e+02 7.894656e+01 3.165030e+01 6.991672e+05
-7.364847e+02 7.951656e+01 3.187881e+01 7.042152e+05
-7.364212e+02 7.960319e+01 3.191355e+01 7.049825e+05
-7.363576e+02 7.939230e+01 3.182900e+01 7.031148e+05
-7.362942e+02 7.982746e+01 3.200346e+01 7.069686e+05
-7.362292e+02 8.005685e+01 3.209542e+01 7.090001e+05
-7.361626e+02 8.023814e+01 3.216810e+01 7.106057e+05
-7.360962e+02 8.119996e+01 3.255370e+01 7.191238e+05
-7.360320e+02 8.137898e+01 3.262547e+01 7.207092e+05
-7.359688e+02 8.204853e+01 3.289390e+01 7.266389e+05
-7.359043e+02 8.228007e+01 3.298672e+01 7.286894e+05
-7.358389e+02 8.216377e+01 3.294010e+01 7.276594e+05
-7.357733e+02 8.180723e+01 3.279716e+01 7.245019e+05
-7.357080e+02 8.180479e+01 3.279618e+01 7.244803e+05
-7.356422e+02 8.095054e+01 3.245371e+01 7.169149e+05
-7.355743e+02 8.045463e+01 3.225489e+01 7.125230e+05
-7.355054e+02 7.994565e+01 3.205084e+01 7.080153e+05
-7.354356e+02 8.019728e+01 3.215172e+01 7.102438e+05
-7.353645e+02 8.016303e+01 3.213799e+01 7.099405e+05
-7.352936e+02 8.035052e+01 3.221315e+01 7.116009e+05
-7.352234e+02 8.057618e+01 3.230362e+01 7.135994e+05
-7.351539e+02 8.002228e+01 3.208156e+01 7.086940e+05
-7.350842e+02 7.931493e+01 3.179798e+01 7.024295e+05
-7.350141e+02 7.979511e+01 3.199049e+01 7.066821e+05
-7.349425e+02 7.988985e+01 3.202847e+01 7.075212e+05
-7.348696e+02 7.963253e+01 3.192531e+01 7.052423e+05
-7.347973e+02 7.976529e+01 3.197853e+01 7.064180e+05
-7.347254e+02 7.980533e+01 3.199458e+01 7.067726e+05
-7.346535e+02 8.033847e+01 3.220832e+01 7.114942e+05
-7.345793e+02 8.031844e+01 3.220029e+01 7.113169e+05
-7.345028e+02 8.033571e+01 3.220722e+01 7.114698e+05
-7.344250e+02 8.044101e+01 3.224943e+01 7.124024e+05
-7.343451e+02 8.047280e+01 3.226218e+01 7.126839e+05
-7.342649e+02 8.034792e+01 3.221211e+01 7.115780e+05
-7.341843e+02 8.056578e+01 3.229945e+01 7.135073e+05
-7.341021e+02 8.059490e+01 3.231113e+01 7.137652e+05
-7.340201e+02 7.974008e+01 3.196842e+01 7.061947e+05
-7.339388e+02 7.978023e+01 3.198452e+01 7.065504e+05
-7.338571e+02 8.014160e+01 3.212940e+01 7.097507e+05
-7.337763e+02 7.992710e+01 3.204340e+01 7.078510e+05
-7.336955e+02 8.086070e+01 3.241769e+01 7.161192e+05
-7.336144e+02 8.074322e+01 3.237059e+01 7.150788e+05
-7.335347e+02 8.072753e+01 3.236430e+01 7.149398e+05
-7.334562e+02 7.982743e+01 3.200344e+01 7.069683e+05
-7.333760e+02 7.968854e+01 3.194776e+01 7.057383e+05
-7.332941e+02 8.004412e+01 3.209031e+01 7.088874e+05
-7.332131e+02 8.036082e+01 3.221728e+01 7.116922e+05
-7.331338e+02 8.047077e+01 3.226137e+01 7.126659e+05
-7.330552e+02 8.038801e+01 3.222818e+01 7.119330e+05
-7.329744e+02 8.003062e+01 3.208490e+01 7.087679e+05
-7.328902e+02 8.039891e+01 3.223255e+01 7.120295e+05
-7.328045e+02 8.027199e+01 3.218167e+01 7.109055e+05
-7.327190e+02 8.044383e+01 3.225056e+01 7.124273e+05
-7.326338e+02 8.054015e+01 3.228918e+01 7.132803e+05
-7.325479e+02 8.077977e+01 3.238524e+01 7.154025e+05
-7.324615e+02 7.991555e+01 3.203877e+01 7.077488e+05
-7.323747e+02 8.010589e+01 3.211508e+01 7.094344e+05
-7.322880e+02 8.065534e+01 3.233536e+01 7.143005e+05
-7.322032e+02 8.038485e+01 3.222692e+01 7.119050e+05
-7.321199e+02 8.009443e+01 3.211048e+01 7.093329e+05
-7.320361e+02 8.036105e+01 3.221738e+01 7.116942e+05
-7.319515e+02 8.073989e+01 3.236926e+01 7.150493e+05
-7.318678e+02 8.064859e+01 3.233265e+01 7.142407e+05
-7.317844e+02 8.098623e+01 3.246802e+01 7.172309e+05
-7.316997e+02 8.103199e+01 3.248636e+01 7.176361e+05
-7.316140e+02 8.156450e+01 3.269985e+01 7.223522e+05
-7.315290e+02 8.167159e+01 3.274278e+01 7.233006e+05
-7.314451e+02 8.126520e+01 3.257986e+01 7.197015e+05
-7.313622e+02 8.151073e+01 3.267829e+01 7.218760e+05
-7.312799e+02 8.122100e+01 3.256214e+01 7.193101e+05
-7.311989e+02 8.093955e+01 3.244930e+01 7.168176e+05
-7.311192e+02 8.164793e+01 3.273329e+01 7.230910e+05
-7.310412e+02 8.166572e+01 3.274043e+01 7.232486e+05
-7.309646e+02 8.217815e+01 3.294587e+01 7.277868e+05
-7.308876e+02 8.232043e+01 3.300291e+01 7.290469e+05
-7.308102e+02 8.266237e+01 3.313999e+01 7.320752e+05
-7.307323e+02 8.226980e+01 3.298261e+01 7.285985e+05
-7.306528e+02 8.253358e+01 3.308836e+01 7.309346e+05
-7.305714e+02 8.328859e+01 3.339105e+01 7.376211e+05
-7.304895e+02 8.340234e+01 3.343665e+01 7.386285e+05
-7.304068e+02 8.323005e+01 3.336758e+01 7.371027e+05
-7.303246e+02 8.375372e+01 3.357752e+01 7.417404e+05
-7.302442e+02 8.356613e+01 3.350232e+01 7.400791e+05
-7.301639e+02 8.352325e+01 3.348513e+01 7.396993e+05
-7.300820e+02 8.277630e+01 3.318567e+01 7.330842e+05
-7.299991e+02 8.305905e+01 3.329902e+01 7.355882e+05
-7.299173e+02 8.385566e+01 3.361839e+01 7.426432e+05
-7.298365e+02 8.387726e+01 3.362705e+01 7.428345e+05
-7.297556e+02 8.408985e+01 3.371228e+01 7.447173e+05
-7.296753e+02 8.390539e+01 3.363833e+01 7.430836e+05
-7.295959e+02 8.463997e+01 3.393283e+01 7.495892e+05
-7.295168e+02 8.505319e+01 3.409849e+01 7.532487e+05
-7.294379e+02 8.519293e+01 3.415451e+01 7.544863e+05
-7.293593e+02 8.571374e+01 3.436331e+01 7.590987e+05
-7.292808e+02 8.562929e+01 3.432945e+01 7.583508e+05
-7.292019e+02 8.592659e+01 3.444865e+01 7.609838e+05
-7.291253e+02 8.522341e+01 3.416673e+01 7.547563e+05
-7.290513e+02 8.478181e+01 3.398969e+01 7.508454e+05
-7.289787e+02 8.405196e+01 3.369709e+01 7.443817e+05
-7.289067e+02 8.451193e+01 3.388150e+01 7.484553e+05
-7.288325e+02 8.501453e+01 3.408299e+01 7.529064e+05
-7.287600e+02 8.490929e+01 3.404080e+01 7.519743e+05
-7.286913e+02 8.530806e+01 3.420067e+01 7.555060e+05
-7.286234e+02 8.532348e+01 3.420685e+01 7.556425e+05
-7.285577e+02 8.573685e+01 3.437258e+01 7.593034e+05
-7.284933e+02 8.638052e+01 3.463063e+01 7.650039e+05
-7.284277e+02 8.610585e+01 3.452051e+01 7.625713e+05
-7.283613e+02 8.576954e+01 3.438568e+01 7.595929e+05
-7.282948e+02 8.560383e+01 3.431925e+01 7.581254e+05
-7.282296e+02 8.584622e+01 3.441642e+01 7.602720e+05
-7.281663e+02 8.579350e+01 3.439529e+01 7.598051e+05
-7.281036e+02 8.605816e+01 3.450139e+01 7.621490e+05
-7.280398e+02 8.650127e+01 3.467904e+01 7.660733e+05
-7.279735e+02 8.673936e+01 3.477449e+01 7.681818e+05
-7.279054e+02 8.659237e+01 3.471556e+01 7.668801e+05
-7.278381e+02 8.726610e+01 3.498567e+01 7.728468e+05
-7.277714e+02 8.768532e+01 3.515373e+01 7.765595e+05
-7.277039e+02 8.813810e+01 3.533526e+01 7.805694e+05
-7.276386e+02 8.795323e+01 3.526114e+01 7.789322e+05
-7.275748e+02 8.784750e+01 3.521875e+01 7.779958e+05
-7.275102e+02 8.752763e+01 3.509051e+01 7.751629e+05
-7.274457e+02 8.746192e+01 3.506417e+01 7.745810e+05
-7.273814e+02 8.797310e+01 3.526911e+01 7.791081e+05
-7.273176e+02 8.742780e+01 3.505049e+01 7.742788e+05
-7.272559e+02 8.744529e+01 3.505750e+01 7.744337e+05
-7.271964e+02 8.813823e+01 3.533531e+01 7.805705e+05
-7.271375e+02 8.732669e+01 3.500995e+01 7.733833e+05
-7.270801e+02 8.730243e+01 3.500023e+01 7.731685e+05
-7.270243e+02 8.744196e+01 3.505617e+01 7.744042e+05
-7.269686e+02 8.768509e+01 3.515364e+01 7.765574e+05
-7.269136e+02 8.767721e+01 3.515048e+01 7.764877e+05
-7.268597e+02 8.733572e+01 3.501358e+01 7.734634e+05
-7.268083e+02 8.707351e+01 3.490845e+01 7.711412e+05
-7.267592e+02 8.720175e+01 3.495987e+01 7.722769e+05
-7.267099e+02 8.733449e+01 3.501308e+01 7.734524e+05
-7.266600e+02 8.764026e+01 3.513567e+01 7.761604e+05
-7.266108e+02 8.783791e+01 3.521491e+01 7.779109e+05
-7.265616e+02 8.751503e+01 3.508546e+01 7.750513e+05
-7.265134e+02 8.718276e+01 3.495225e+01 7.721087e+05
-7.264659e+02 8.682454e+01 3.480864e+01 7.689362e+05
-7.264171e+02 8.616876e+01 3.454573e+01 7.631285e+05
-7.263672e+02 8.673152e+01 3.477135e+01 7.681124e+05
-7.263174e+02 8.613627e+01 3.453271e+01 7.628408e+05
-7.262678e+02 8.736165e+01 3.502397e+01 7.736930e+05
-7.262187e+02 8.762784e+01 3.513069e+01 7.760504e+05
-7.261694e+02 8.735698e+01 3.502210e+01 7.736516e+05
-7.261198e+02 8.684956e+01 3.481867e+01 7.691578e+05
-7.260704e+02 8.756679e+01 3.510621e+01 7.755097e+05
-7.260194e+02 8.788812e+01 3.523504e+01 7.783555e+05
-7.259677e+02 8.809774e+01 3.531908e+01 7.802120e+05
-7.259166e+02 8.831675e+01 3.540688e+01 7.821516e+05
-7.258650e+02 8.890000e+01 3.564071e+01 7.873170e+05
-7.258123e+02 8.892835e+01 3.565207e+01 7.875680e+05
-7.257595e+02 8.882697e+01 3.561143e+01 7.866702e+05
-7.257069e+02 8.874436e+01 3.557831e+01 7.859385e+05
-7.256549e+02 8.858677e+01 3.551513e+01 7.845429e+05
-7.256061e+02 8.822444e+01 3.536987e+01 7.813340e+05
-7.255587e+02 8.784439e+01 3.521751e+01 7.779683e+05
-7.255117e+02 8.738905e+01 3.503496e+01 7.739356e+05
-7.254655e+02 8.753082e+01 3.509179e+01 7.751911e+05
-7.254202e+02 8.746859e+01 3.506684e+01 7.746401e+05
-7.253766e+02 8.692878e+01 3.485043e+01 7.698594e+05
-7.253341e+02 8.699651e+01 3.487758e+01 7.704592e+05
-7.252910e+02 8.722001e+01 3.496719e+01 7.724386e+05
-7.252469e+02 8.709937e+01 3.491882e+01 7.713701e+05
-7.252040e+02 8.708567e+01 3.491333e+01 7.712489e+05
-7.251637e+02 8.725261e+01 3.498026e+01 7.727273e+05
-7.251254e+02 8.725468e+01 3.498109e+01 7.727456e+05
-7.250882e+02 8.796419e+01 3.526553e+01 7.790292e+05
-7.250517e+02 8.797996e+01 3.527186e+01 7.791688e+05
-7.250160e+02 8.818675e+01 3.535476e+01 7.810002e+05
-7.249806e+02 8.787555e+01 3.523000e+01 7.782442e+05
-7.249473e+02 8.798290e+01 3.527304e+01 7.791949e+05
-7.249160e+02 8.795260e+01 3.526089e+01 7.789266e+05
-7.248841e+02 8.861436e+01 3.552619e+01 7.847872e+05
-7.248512e+02 8.829280e+01 3.539728e+01 7.819395e+05
-7.248169e+02 8.874502e+01 3.557858e+01 7.859444e+05
-7.247812e+02 8.875236e+01 3.558152e+01 7.860094e+05
-7.247453e+02 8.884707e+01 3.561949e+01 7.868482e+05
-7.247078e+02 8.935068e+01 3.582139e+01 7.913082e+05
-7.246686e+02 8.884919e+01 3.562034e+01 7.868670e+05
-7.246291e+02 8.924443e+01 3.577879e+01 7.903672e+05
-7.245876e+02 8.850236e+01 3.548129e+01 7.837953e+05
-7.245447e+02 8.825621e+01 3.538261e+01 7.816153e+05
-7.245017e+02 8.786090e+01 3.522412e+01 7.781144e+05
-7.244588e+02 8.770309e+01 3.516086e+01 7.767168e+05
-7.244166e+02 8.727423e+01 3.498892e+01 7.729188e+05
-7.243759e+02 8.740938e+01 3.504311e+01 7.741157e+05
-7.243359e+02 8.721712e+01 3.496603e+01 7.724130e+05
-7.242952e+02 8.724982e+01 3.497914e+01 7.727026e+05
-7.242542e+02 8.664431e+01 3.473639e+01 7.673401e+05
-7.242130e+02 8.726289e+01 3.498438e+01 7.728183e+05
-7.241716e+02 8.756896e+01 3.510708e+01 7.755290e+05
-7.241290e+02 8.737741e+01 3.503029e+01 7.738325e+05
-7.240861e+02 8.798261e+01 3.527292e+01 7.791923e+05
-7.240449e+02 8.787600e+01 3.523018e+01 7.782482e+05
-7.240043e+02 8.790018e+01 3.523987e+01 7.784623e+05
-7.239644e+02 8.813029e+01 3.533213e+01 7.805002e+05
-7.239255e+02 8.762903e+01 3.513117e+01 7.760609e+05
-7.238855e+02 8.719850e+01 3.495856e+01 7.722481e+05
-7.238441e+02 8.680171e+01 3.479949e+01 7.687341e+05
-7.238026e+02 8.674209e+01 3.477558e+01 7.682060e+05
-7.237600e+02 8.703713e+01 3.489387e+01 7.708190e+05
-7.237178e+02 8.700051e+01 3.487919e+01 7.704946e+05
-7.236765e+02 8.661587e+01 3.472498e+01 7.670882e+05
-7.236349e+02 8.699956e+01 3.487881e+01 7.704863e+05
-7.235919e+02 8.727671e+01 3.498992e+01 7.729408e+05
-7.235471e+02 8.696366e+01 3.486442e+01 7.701683e+05
-7.235023e+02 8.722162e+01 3.496783e+01 7.724528e+05
-7.234573e+02 8.730426e+01 3.500096e+01 7.731847e+05
-7.234108e+02 8.744717e+01 3.505826e+01 7.744503e+05
-7.233619e+02 8.780958e+01 3.520355e+01 7.776599e+05
-7.233101e+02 8.722439e+01 3.496894e+01 7.724774e+05
-7.232561e+02 8.779269e+01 3.519678e+01 7.775104e+05
-7.231992e+02 8.855890e+01 3.550396e+01 7.842961e+05
-7.231417e+02 8.866403e+01 3.554610e+01 7.852271e+05
-7.230854e+02 8.902830e+01 3.569214e+01 7.884532e+05
-7.230302e+02 8.861419e+01 3.552612e+01 7.847857e+05
-7.229749e+02 8.915983e+01 3.574488e+01 7.896180e+05
-7.229199e+02 8.904132e+01 3.569737e+01 7.885685e+05
-7.228662e+02 8.946801e+01 3.586843e+01 7.923474e+05
-7.228130e+02 8.907326e+01 3.571017e+01 7.888513e+05
-7.227617e+02 8.870462e+01 3.556238e+01 7.855866e+05
-7.227123e+02 8.866376e+01 3.554600e+01 7.852247e+05
-7.226653e+02 8.881507e+01 3.560666e+01 7.865647e+05
-7.226188e+02 8.876123e+01 3.558507e+01 7.860880e+05
-7.225718e+02 8.882897e+01 3.561223e+01 7.866879e+05
-7.225270e+02 8.882653e+01 3.561125e+01 7.866663e+05
-7.224849e+02 8.841864e+01 3.544773e+01 7.830539e+05
-7.224428e+02 8.837293e+01 3.542940e+01 7.826491e+05
-7.224002e+02 8.868114e+01 3.555297e+01 7.853787e+05
-7.223582e+02 8.820236e+01 3.536102e+01 7.811384e+05
-7.223141e+02 8.845076e+01 3.546060e+01 7.833383e+05
-7.222682e+02 8.848021e+01 3.547241e+01 7.835991e+05
-7.222213e+02 8.854278e+01 3.549749e+01 7.841533e+05
-7.221745e+02 8.909091e+01 3.571724e+01 7.890077e+05
-7.221290e+02 8.921397e+01 3.576658e+01 7.900975e+05
-7.220841e+02 8.878650e+01 3.559520e+01 7.863117e+05
-7.220373e+02 8.860269e+01 3.552151e+01 7.846839e+05
-7.219882e+02 8.863294e+01 3.553364e+01 7.849518e+05
-7.219417e+02 8.918044e+01 3.575314e+01 7.898005e+05
-7.218994e+02 8.938998e+01 3.583715e+01 7.916563e+05
-7.218576e+02 9.017721e+01 3.615275e+01 7.986281e+05
