#E_pot  E_kin  T  P
-2.392703e+02 1.162944e+02 4.662333e+01 1.029927e+06
-2.392717e+02 1.156550e+02 4.636698e+01 1.024265e+06
-2.392713e+02 1.158644e+02 4.645094e+01 1.026119e+06
-2.392690e+02 1.149985e+02 4.610378e+01 1.018450e+06
-2.392649e+02 1.155496e+02 4.632476e+01 1.023332e+06
-2.392591e+02 1.147517e+02 4.600487e+01 1.016265e+06
-2.392514e+02 1.143119e+02 4.582854e+01 1.012370e+06
-2.392419e+02 1.146468e+02 4.596280e+01 1.015336e+06
-2.392307e+02 1.143876e+02 4.585888e+01 1.013040e+06
-2.392178e+02 1.138496e+02 4.564321e+01 1.008276e+06
-2.392031e+02 1.137679e+02 4.561044e+01 1.007552e+06
-2.391868e+02 1.137529e+02 4.560445e+01 1.007420e+06
-2.391689e+02 1.139996e+02 4.570335e+01 1.009605e+06
-2.391494e+02 1.141746e+02 4.577349e+01 1.011154e+06
-2.391284e+02 1.136005e+02 4.554334e+01 1.006070e+06
-2.391057e+02 1.131124e+02 4.534765e+01 1.001747e+06
-2.390814e+02 1.129740e+02 4.529215e+01 1.000521e+06
-2.390555e+02 1.134295e+02 4.547478e+01 1.004555e+06
-2.390280e+02 1.132807e+02 4.541511e+01 1.003237e+06
-2.389989e+02 1.134090e+02 4.546656e+01 1.004374e+06
-2.389680e+02 1.135751e+02 4.553317e+01 1.005845e+06
-2.389354e+02 1.135580e+02 4.552630e+01 1.005693e+06
-2.389011e+02 1.139941e+02 4.570112e+01 1.009555e+06
-2.388651e+02 1.143491e+02 4.584344e+01 1.012699e+06
-2.388275e+02 1.140863e+02 4.573809e+01 1.010372e+06
-2.387883e+02 1.150039e+02 4.610595e+01 1.018498e+06
-2.387474e+02 1.150555e+02 4.612664e+01 1.018955e+06
-2.387046e+02 1.152763e+02 4.621519e+01 1.020911e+06
-2.386601e+02 1.145457e+02 4.592228e+01 1.014441e+06
-2.386140e+02 1.148442e+02 4.604194e+01 1.017084e+06
-2.385663e+02 1.144896e+02 4.589979e+01 1.013944e+06
-2.385170e+02 1.140176e+02 4.571053e+01 1.009763e+06
-2.384661e+02 1.145470e+02 4.592279e+01 1.014452e+06
-2.384134e+02 1.148686e+02 4.605172e+01 1.017300e+06
-2.383587e+02 1.151967e+02 4.618326e+01 1.020206e+06
-2.383023e+02 1.153240e+02 4.623430e+01 1.021333e+06
-2.382441e+02 1.153896e+02 4.626059e+01 1.021914e+06
-2.381842e+02 1.151468e+02 4.616326e+01 1.019764e+06
-2.381227e+02 1.154011e+02 4.626519e+01 1.022016e+06
-2.380595e+02 1.154345e+02 4.627860e+01 1.022312e+06
-2.379949e+02 1.150622e+02 4.612933e+01 1.019015e+06
-2.379290e+02 1.147652e+02 4.601029e+01 1.016385e+06
-2.378618e+02 1.148979e+02 4.606348e+01 1.017560e+06
-2.377929e+02 1.149408e+02 4.608066e+01 1.017939e+06
-2.377226e+02 1.144421e+02 4.588073e+01 1.013523e+06
-2.376508e+02 1.145469e+02 4.592276e+01 1.014451e+06
-2.375774e+02 1.147823e+02 4.601712e+01 1.016536e+06
-2.375020e+02 1.148865e+02 4.605889e+01 1.017459e+06
-2.374248e+02 1.147032e+02 4.598543e+01 1.015836e+06
-2.373460e+02 1.148743e+02 4.605401e+01 1.017351e+06
-2.372655e+02 1.151645e+02 4.617034e+01 1.019920e+06
-2.371837e+02 1.143909e+02 4.586022e+01 1.013070e+06
-2.371006e+02 1.143365e+02 4.583840e+01 1.012588e+06
-2.370156e+02 1.146309e+02 4.595642e+01 1.015195e+06
-2.369287e+02 1.144436e+02 4.588132e+01 1.013536e+06
-2.368401e+02 1.146396e+02 4.595992e+01 1.015272e+06
-2.367497e+02 1.139407e+02 4.567971e+01 1.009082e+06
-2.366576e+02 1.137598e+02 4.560719e+01 1.007480e+06
-2.365636e+02 1.139831e+02 4.569670e+01 1.009458e+06
-2.364676e+02 1.144485e+02 4.588330e+01 1.013580e+06
-2.363697e+02 1.143408e+02 4.584012e+01 1.012626e+06
-2.362708e+02 1.144996e+02 4.590377e+01 1.014032e+06
-2.361708e+02 1.148685e+02 4.605169e+01 1.017299e+06
-2.360694e+02 1.137849e+02 4.561726e+01 1.007703e+06
-2.359666e+02 1.131456e+02 4.536094e+01 1.002041e+06
-2.358624e+02 1.131830e+02 4.537596e+01 1.002372e+06
-2.357570e+02 1.119985e+02 4.490106e+01 9.918817e+05
-2.356502e+02 1.124354e+02 4.507623e+01 9.957513e+05
-2.355420e+02 1.120991e+02 4.494140e+01 9.927729e+05
-2.354320e+02 1.127176e+02 4.518937e+01 9.982505e+05
-2.353204e+02 1.122520e+02 4.500270e+01 9.941270e+05
-2.352075e+02 1.126555e+02 4.516448e+01 9.977006e+05
-2.350933e+02 1.124365e+02 4.507669e+01 9.957615e+05
-2.349777e+02 1.117511e+02 4.480191e+01 9.896914e+05
-2.348608e+02 1.113984e+02 4.466048e+01 9.865672e+05
-2.347432e+02 1.117081e+02 4.478466e+01 9.893104e+05
-2.346251e+02 1.120853e+02 4.493587e+01 9.926507e+05
-2.345063e+02 1.123668e+02 4.504872e+01 9.951434e+05
-2.343864e+02 1.128181e+02 4.522964e+01 9.991402e+05
-2.342655e+02 1.123732e+02 4.505131e+01 9.952006e+05
-2.341434e+02 1.123570e+02 4.504480e+01 9.950569e+05
-2.340204e+02 1.112183e+02 4.458829e+01 9.849725e+05
-2.338965e+02 1.110912e+02 4.453734e+01 9.838470e+05
-2.337717e+02 1.102964e+02 4.421867e+01 9.768075e+05
-2.336469e+02 1.095609e+02 4.392384e+01 9.702945e+05
-2.335216e+02 1.096924e+02 4.397655e+01 9.714588e+05
-2.333951e+02 1.097541e+02 4.400128e+01 9.720053e+05
-2.332674e+02 1.100262e+02 4.411036e+01 9.744149e+05
-2.331385e+02 1.102552e+02 4.420217e+01 9.764430e+05
-2.330084e+02 1.096697e+02 4.396746e+01 9.712580e+05
-2.328773e+02 1.103456e+02 4.423843e+01 9.772438e+05
-2.327455e+02 1.102389e+02 4.419565e+01 9.762988e+05
-2.326136e+02 1.095776e+02 4.393051e+01 9.704419e+05
-2.324814e+02 1.094817e+02 4.389207e+01 9.695926e+05
-2.323497e+02 1.092721e+02 4.380805e+01 9.677367e+05
-2.322180e+02 1.094022e+02 4.386019e+01 9.688885e+05
-2.320853e+02 1.098017e+02 4.402038e+01 9.724271e+05
-2.319513e+02 1.095637e+02 4.392495e+01 9.703191e+05
-2.318161e+02 1.087330e+02 4.359191e+01 9.629621e+05
-2.316800e+02 1.084952e+02 4.349660e+01 9.608565e+05
-2.315425e+02 1.085548e+02 4.352048e+01 9.613842e+05
-2.314040e+02 1.079072e+02 4.326083e+01 9.556482e+05
-2.312648e+02 1.081569e+02 4.336096e+01 9.578603e+05
-2.311252e+02 1.084339e+02 4.347199e+01 9.603130e+05
-2.309851e+02 1.088345e+02 4.363259e+01 9.638606e+05
-2.308443e+02 1.086801e+02 4.357069e+01 9.624934e+05
-2.307033e+02 1.083916e+02 4.345502e+01 9.599382e+05
-2.305624e+02 1.081823e+02 4.337112e+01 9.580846e+05
-2.304211e+02 1.084511e+02 4.347888e+01 9.604651e+05
-2.302797e+02 1.082998e+02 4.341822e+01 9.591252e+05
-2.301390e+02 1.076136e+02 4.314313e+01 9.530483e+05
-2.299984e+02 1.075926e+02 4.313473e+01 9.528628e+05
-2.298582e+02 1.077997e+02 4.321776e+01 9.546968e+05
-2.297184e+02 1.079409e+02 4.327434e+01 9.559467e+05
-2.295782e+02 1.082690e+02 4.340588e+01 9.588526e+05
-2.294367e+02 1.086798e+02 4.357058e+01 9.624908e+05
-2.292946e+02 1.080029e+02 4.329920e+01 9.564959e+05
-2.291534e+02 1.074818e+02 4.309031e+01 9.518816e+05
-2.290128e+02 1.073328e+02 4.303057e+01 9.505619e+05
-2.288722e+02 1.069420e+02 4.287388e+01 9.471005e+05
-2.287323e+02 1.064152e+02 4.266269e+01 9.424353e+05
-2.285936e+02 1.060067e+02 4.249892e+01 9.388174e+05
-2.284561e+02 1.054479e+02 4.227490e+01 9.338688e+05
-2.283201e+02 1.056623e+02 4.236084e+01 9.357673e+05
-2.281855e+02 1.052900e+02 4.221161e+01 9.324706e+05
-2.280520e+02 1.053369e+02 4.223041e+01 9.328859e+05
-2.279187e+02 1.048604e+02 4.203938e+01 9.286660e+05
-2.277856e+02 1.052857e+02 4.220987e+01 9.324322e+05
-2.276537e+02 1.051995e+02 4.217531e+01 9.316688e+05
-2.275225e+02 1.048367e+02 4.202985e+01 9.284555e+05
-2.273914e+02 1.039391e+02 4.166999e+01 9.205060e+05
-2.272608e+02 1.036961e+02 4.157257e+01 9.183541e+05
-2.271312e+02 1.034308e+02 4.146622e+01 9.160047e+05
-2.270016e+02 1.039462e+02 4.167286e+01 9.205695e+05
-2.268714e+02 1.032114e+02 4.137824e+01 9.140612e+05
-2.267417e+02 1.025390e+02 4.110868e+01 9.081065e+05
-2.266121e+02 1.022575e+02 4.099585e+01 9.056140e+05
-2.264828e+02 1.028234e+02 4.122269e+01 9.106251e+05
-2.263545e+02 1.028656e+02 4.123964e+01 9.109995e+05
-2.262272e+02 1.027725e+02 4.120230e+01 9.101747e+05
-2.261008e+02 1.025473e+02 4.111200e+01 9.081799e+05
-2.259751e+02 1.023569e+02 4.103567e+01 9.064936e+05
-2.258508e+02 1.025184e+02 4.110044e+01 9.079244e+05
-2.257278e+02 1.033210e+02 4.142221e+01 9.150325e+05
-2.256056e+02 1.041684e+02 4.176191e+01 9.225366e+05
-2.254848e+02 1.041702e+02 4.176266e+01 9.225533e+05
-2.253652e+02 1.044612e+02 4.187933e+01 9.251304e+05
-2.252461e+02 1.041508e+02 4.175487e+01 9.223810e+05
-2.251280e+02 1.035870e+02 4.152885e+01 9.173882e+05
-2.250122e+02 1.034927e+02 4.149105e+01 9.165532e+05
-2.248975e+02 1.035366e+02 4.150864e+01 9.169417e+05
-2.247830e+02 1.032338e+02 4.138725e+01 9.142602e+05
-2.246700e+02 1.030848e+02 4.132750e+01 9.129404e+05
-2.245594e+02 1.036697e+02 4.156201e+01 9.181207e+05
-2.244512e+02 1.036319e+02 4.154684e+01 9.177858e+05
-2.243452e+02 1.032183e+02 4.138103e+01 9.141229e+05
-2.242416e+02 1.032134e+02 4.137908e+01 9.140798e+05
-2.241395e+02 1.035272e+02 4.150488e+01 9.168587e+05
-2.240377e+02 1.035229e+02 4.150314e+01 9.168202e+05
-2.239365e+02 1.030859e+02 4.132793e+01 9.129499e+05
-2.238372e+02 1.028877e+02 4.124850e+01 9.111951e+05
-2.237396e+02 1.028664e+02 4.123994e+01 9.110060e+05
-2.236432e+02 1.030910e+02 4.132997e+01 9.129950e+05
-2.235479e+02 1.035031e+02 4.149519e+01 9.166447e+05
-2.234545e+02 1.036109e+02 4.153844e+01 9.176001e+05
-2.233637e+02 1.032792e+02 4.140543e+01 9.146619e+05
-2.232759e+02 1.035200e+02 4.150199e+01 9.167949e+05
-2.231917e+02 1.031268e+02 4.134433e+01 9.133121e+05
-2.231106e+02 1.030441e+02 4.131120e+01 9.125803e+05
-2.230315e+02 1.030297e+02 4.130543e+01 9.124528e+05
-2.229527e+02 1.034373e+02 4.146884e+01 9.160625e+05
-2.228738e+02 1.040028e+02 4.169552e+01 9.210700e+05
-2.227952e+02 1.042656e+02 4.180092e+01 9.233983e+05
-2.227170e+02 1.037459e+02 4.159254e+01 9.187951e+05
-2.226402e+02 1.037120e+02 4.157894e+01 9.184948e+05
-2.225646e+02 1.040688e+02 4.172200e+01 9.216549e+05
-2.224897e+02 1.037550e+02 4.159618e+01 9.188756e+05
-2.224162e+02 1.033320e+02 4.142660e+01 9.151296e+05
-2.223436e+02 1.030383e+02 4.130888e+01 9.125291e+05
-2.222718e+02 1.025635e+02 4.111851e+01 9.083237e+05
-2.222014e+02 1.018196e+02 4.082029e+01 9.017358e+05
-2.221327e+02 1.021484e+02 4.095209e+01 9.046473e+05
-2.220652e+02 1.022377e+02 4.098788e+01 9.054380e+05
-2.219984e+02 1.023200e+02 4.102090e+01 9.061674e+05
-2.219334e+02 1.019875e+02 4.088760e+01 9.032227e+05
-2.218699e+02 1.021102e+02 4.093678e+01 9.043092e+05
-2.218071e+02 1.016096e+02 4.073607e+01 8.998755e+05
-2.217441e+02 1.019547e+02 4.087446e+01 9.029325e+05
-2.216818e+02 1.017699e+02 4.080035e+01 9.012954e+05
-2.216210e+02 1.022321e+02 4.098565e+01 9.053888e+05
-2.215624e+02 1.030693e+02 4.132131e+01 9.128036e+05
-2.215059e+02 1.031621e+02 4.135851e+01 9.136254e+05
-2.214509e+02 1.030087e+02 4.129700e+01 9.122666e+05
-2.213976e+02 1.026847e+02 4.116710e+01 9.093971e+05
-2.213461e+02 1.034354e+02 4.146806e+01 9.160454e+05
-2.212956e+02 1.036805e+02 4.156633e+01 9.182161e+05
-2.212461e+02 1.044758e+02 4.188516e+01 9.252592e+05
-2.211974e+02 1.042298e+02 4.178654e+01 9.230806e+05
-2.211499e+02 1.038385e+02 4.162966e+01 9.196152e+05
-2.211033e+02 1.034399e+02 4.146988e+01 9.160857e+05
-2.210574e+02 1.036089e+02 4.153761e+01 9.175818e+05
-2.210126e+02 1.034315e+02 4.146649e+01 9.160107e+05
-2.209683e+02 1.029768e+02 4.128420e+01 9.119839e+05
-2.209244e+02 1.026236e+02 4.114261e+01 9.088561e+05
-2.208810e+02 1.023857e+02 4.104723e+01 9.067490e+05
-2.208374e+02 1.025991e+02 4.113279e+01 9.086391e+05
-2.207947e+02 1.032160e+02 4.138011e+01 9.141025e+05
-2.207540e+02 1.034854e+02 4.148812e+01 9.164885e+05
-2.207155e+02 1.034714e+02 4.148252e+01 9.163647e+05
-2.206787e+02 1.033361e+02 4.142826e+01 9.151661e+05
-2.206436e+02 1.040562e+02 4.171693e+01 9.215430e+05
-2.206093e+02 1.039499e+02 4.167434e+01 9.206021e+05
-2.205760e+02 1.042906e+02 4.181094e+01 9.236197e+05
-2.205443e+02 1.044761e+02 4.188529e+01 9.252622e+05
-2.205137e+02 1.043942e+02 4.185246e+01 9.245369e+05
-2.204836e+02 1.044949e+02 4.189285e+01 9.254290e+05
-2.204540e+02 1.044598e+02 4.187875e+01 9.251176e+05
-2.204249e+02 1.043977e+02 4.185385e+01 9.245677e+05
-2.203971e+02 1.044000e+02 4.185477e+01 9.245878e+05
-2.203712e+02 1.037437e+02 4.159165e+01 9.187754e+05
-2.203468e+02 1.036528e+02 4.155524e+01 9.179712e+05
-2.203237e+02 1.036947e+02 4.157203e+01 9.183422e+05
-2.203017e+02 1.043359e+02 4.182909e+01 9.240206e+05
-2.202803e+02 1.040209e+02 4.170279e+01 9.212306e+05
-2.202585e+02 1.046975e+02 4.197407e+01 9.272232e+05
-2.202365e+02 1.043923e+02 4.185168e+01 9.245197e+05
-2.202160e+02 1.039452e+02 4.167246e+01 9.205607e+05
-2.201974e+02 1.039494e+02 4.167412e+01 9.205974e+05
-2.201805e+02 1.037052e+02 4.157622e+01 9.184347e+05
-2.201648e+02 1.037880e+02 4.160942e+01 9.191680e+05
-2.201494e+02 1.048854e+02 4.204940e+01 9.288873e+05
-2.201355e+02 1.045760e+02 4.192532e+01 9.261464e+05
-2.201228e+02 1.049700e+02 4.208330e+01 9.296362e+05
-2.201113e+02 1.049985e+02 4.209473e+01 9.298887e+05
-2.201006e+02 1.042299e+02 4.178657e+01 9.230814e+05
-2.200901e+02 1.045957e+02 4.193324e+01 9.263214e+05
-2.200790e+02 1.044048e+02 4.185672e+01 9.246310e+05
-2.200674e+02 1.042428e+02 4.179174e+01 9.231956e+05
-2.200570e+02 1.040812e+02 4.172698e+01 9.217649e+05
-2.200478e+02 1.039288e+02 4.166588e+01 9.204153e+05
-2.200393e+02 1.047651e+02 4.200116e+01 9.278217e+05
-2.200322e+02 1.048247e+02 4.202505e+01 9.283494e+05
-2.200253e+02 1.052164e+02 4.218209e+01 9.318187e+05
-2.200182e+02 1.053094e+02 4.221938e+01 9.326423e+05
-2.200109e+02 1.050555e+02 4.211759e+01 9.303938e+05
-2.200031e+02 1.048536e+02 4.203664e+01 9.286055e+05
-2.199946e+02 1.044650e+02 4.188085e+01 9.251641e+05
-2.199853e+02 1.048591e+02 4.203882e+01 9.286537e+05
-2.199758e+02 1.049290e+02 4.206687e+01 9.292732e+05
-2.199672e+02 1.047947e+02 4.201301e+01 9.280835e+05
-2.199591e+02 1.050188e+02 4.210287e+01 9.300686e+05
-2.199515e+02 1.049377e+02 4.207035e+01 9.293501e+05
-2.199455e+02 1.051489e+02 4.215501e+01 9.312203e+05
-2.199416e+02 1.055945e+02 4.233368e+01 9.351673e+05
-2.199381e+02 1.062033e+02 4.257773e+01 9.405583e+05
-2.199349e+02 1.057766e+02 4.240666e+01 9.367793e+05
-2.199331e+02 1.053647e+02 4.224152e+01 9.331313e+05
-2.199314e+02 1.054419e+02 4.227250e+01 9.338158e+05
-2.199289e+02 1.060710e+02 4.252469e+01 9.393866e+05
-2.199266e+02 1.060675e+02 4.252328e+01 9.393555e+05
-2.199255e+02 1.068615e+02 4.284163e+01 9.463881e+05
-2.199245e+02 1.066161e+02 4.274325e+01 9.442148e+05
-2.199220e+02 1.068348e+02 4.283092e+01 9.461514e+05
-2.199194e+02 1.075611e+02 4.312209e+01 9.525836e+05
-2.199182e+02 1.073525e+02 4.303846e+01 9.507361e+05
-2.199176e+02 1.071893e+02 4.297302e+01 9.492904e+05
-2.199175e+02 1.075572e+02 4.312053e+01 9.525490e+05
-2.199180e+02 1.069894e+02 4.289289e+01 9.475203e+05
-2.199187e+02 1.061280e+02 4.254756e+01 9.398919e+05
-2.199199e+02 1.059434e+02 4.247353e+01 9.382565e+05
-2.199212e+02 1.067432e+02 4.279417e+01 9.453396e+05
-2.199227e+02 1.062414e+02 4.259301e+01 9.408959e+05
-2.199237e+02 1.063042e+02 4.261818e+01 9.414519e+05
-2.199235e+02 1.067015e+02 4.277746e+01 9.449705e+05
-2.199231e+02 1.077162e+02 4.318426e+01 9.539570e+05
-2.199227e+02 1.077346e+02 4.319164e+01 9.541200e+05
-2.199231e+02 1.078373e+02 4.323282e+01 9.550296e+05
-2.199248e+02 1.071671e+02 4.296412e+01 9.490939e+05
-2.199272e+02 1.077424e+02 4.319477e+01 9.541892e+05
-2.199294e+02 1.076887e+02 4.317324e+01 9.537134e+05
-2.199313e+02 1.081949e+02 4.337618e+01 9.581965e+05
-2.199337e+02 1.087921e+02 4.361560e+01 9.634853e+05
-2.199368e+02 1.089670e+02 4.368574e+01 9.650348e+05
-2.199406e+02 1.080126e+02 4.330308e+01 9.565817e+05
-2.199437e+02 1.079567e+02 4.328068e+01 9.560869e+05
-2.199447e+02 1.077475e+02 4.319682e+01 9.542344e+05
-2.199442e+02 1.071425e+02 4.295426e+01 9.488762e+05
-2.199432e+02 1.072272e+02 4.298824e+01 9.496266e+05
-2.199428e+02 1.069411e+02 4.287353e+01 9.470927e+05
-2.199431e+02 1.071238e+02 4.294676e+01 9.487105e+05
-2.199425e+02 1.070159e+02 4.290352e+01 9.477551e+05
-2.199418e+02 1.066841e+02 4.277048e+01 9.448163e+05
-2.199414e+02 1.073280e+02 4.302863e+01 9.505189e+05
-2.199406e+02 1.068599e+02 4.284098e+01 9.463737e+05
-2.199394e+02 1.072003e+02 4.297746e+01 9.493886e+05
-2.199375e+02 1.066875e+02 4.277186e+01 9.448467e+05
-2.199349e+02 1.066542e+02 4.275852e+01 9.445521e+05
-2.199320e+02 1.071535e+02 4.295869e+01 9.489739e+05
-2.199280e+02 1.065063e+02 4.269920e+01 9.432417e+05
-2.199238e+02 1.061580e+02 4.255958e+01 9.401575e+05
-2.199207e+02 1.065192e+02 4.270436e+01 9.433558e+05
-2.199184e+02 1.055014e+02 4.229632e+01 9.343420e+05
-2.199158e+02 1.052452e+02 4.219365e+01 9.320738e+05
-2.199126e+02 1.049579e+02 4.207845e+01 9.295291e+05
-2.199092e+02 1.043759e+02 4.184511e+01 9.243745e+05
-2.199049e+02 1.045508e+02 4.191523e+01 9.259234e+05
-2.199000e+02 1.042943e+02 4.181241e+01 9.236522e+05
-2.198948e+02 1.043062e+02 4.181716e+01 9.237572e+05
-2.198897e+02 1.051829e+02 4.216863e+01 9.315213e+05
-2.198852e+02 1.053398e+02 4.223155e+01 9.329112e+05
-2.198811e+02 1.052892e+02 4.221126e+01 9.324629e+05
-2.198773e+02 1.048644e+02 4.204097e+01 9.287013e+05
-2.198744e+02 1.053237e+02 4.222510e+01 9.327687e+05
-2.198721e+02 1.056947e+02 4.237382e+01 9.360540e+05
-2.198692e+02 1.050444e+02 4.211313e+01 9.302953e+05
-2.198668e+02 1.059153e+02 4.246226e+01 9.380077e+05
-2.198647e+02 1.056338e+02 4.234941e+01 9.355148e+05
-2.198617e+02 1.058694e+02 4.244386e+01 9.376012e+05
-2.198582e+02 1.058310e+02 4.242848e+01 9.372615e+05
-2.198554e+02 1.055206e+02 4.230404e+01 9.345125e+05
-2.198518e+02 1.055459e+02 4.231419e+01 9.347367e+05
-2.198472e+02 1.059471e+02 4.247501e+01 9.382892e+05
-2.198426e+02 1.056288e+02 4.234742e+01 9.354709e+05
-2.198385e+02 1.057377e+02 4.239109e+01 9.364354e+05
-2.198340e+02 1.051963e+02 4.217404e+01 9.316407e+05
-2.198277e+02 1.054787e+02 4.228724e+01 9.341414e+05
-2.198208e+02 1.057982e+02 4.241534e+01 9.369711e+05
-2.198147e+02 1.055162e+02 4.230229e+01 9.344738e+05
-2.198090e+02 1.056825e+02 4.236894e+01 9.359462e+05
-2.198032e+02 1.057211e+02 4.238441e+01 9.362878e+05
-2.197977e+02 1.062307e+02 4.258873e+01 9.408013e+05
-2.197917e+02 1.059917e+02 4.249289e+01 9.386843e+05
-2.197851e+02 1.065095e+02 4.270049e+01 9.432702e+05
-2.197787e+02 1.069645e+02 4.288292e+01 9.473003e+05
-2.197727e+02 1.071675e+02 4.296430e+01 9.490978e+05
-2.197670e+02 1.066005e+02 4.273697e+01 9.440761e+05
-2.197608e+02 1.060702e+02 4.252439e+01 9.393801e+05
-2.197542e+02 1.061479e+02 4.255554e+01 9.400683e+05
-2.197480e+02 1.057061e+02 4.237840e+01 9.361551e+05
-2.197422e+02 1.059934e+02 4.249360e+01 9.386999e+05
-2.197369e+02 1.066262e+02 4.274728e+01 9.443038e+05
-2.197315e+02 1.069000e+02 4.285705e+01 9.467286e+05
-2.197262e+02 1.070702e+02 4.292530e+01 9.482364e+05
-2.197207e+02 1.071041e+02 4.293886e+01 9.485358e+05
-2.197142e+02 1.069780e+02 4.288833e+01 9.474196e+05
-2.197068e+02 1.066904e+02 4.277303e+01 9.448727e+05
-2.196988e+02 1.069802e+02 4.288922e+01 9.474393e+05
-2.196903e+02 1.068668e+02 4.284375e+01 9.464349e+05
-2.196815e+02 1.067492e+02 4.279660e+01 9.453933e+05
-2.196723e+02 1.062046e+02 4.257827e+01 9.405703e+05
-2.196624e+02 1.063294e+02 4.262828e+01 9.416750e+05
-2.196522e+02 1.062708e+02 4.260480e+01 9.411565e+05
-2.196422e+02 1.058511e+02 4.243654e+01 9.374396e+05
-2.196322e+02 1.063565e+02 4.263915e+01 9.419152e+05
-2.196217e+02 1.064367e+02 4.267129e+01 9.426252e+05
-2.196109e+02 1.059350e+02 4.247016e+01 9.381822e+05
-2.195991e+02 1.056904e+02 4.237213e+01 9.360166e+05
-2.195871e+02 1.051686e+02 4.216292e+01 9.313951e+05
-2.195746e+02 1.056615e+02 4.236052e+01 9.357602e+05
-2.195608e+02 1.058672e+02 4.244298e+01 9.375818e+05
-2.195459e+02 1.060958e+02 4.253463e+01 9.396063e+05
-2.195301e+02 1.067906e+02 4.281320e+01 9.457599e+05
-2.195139e+02 1.066232e+02 4.274607e+01 9.442771e+05
-2.194980e+02 1.065948e+02 4.273468e+01 9.440255e+05
-2.194825e+02 1.064366e+02 4.267127e+01 9.426248e+05
-2.194669e+02 1.065090e+02 4.270028e+01 9.432656e+05
-2.194510e+02 1.062947e+02 4.261437e+01 9.413679e+05
-2.194354e+02 1.060875e+02 4.253133e+01 9.395333e+05
-2.194200e+02 1.061169e+02 4.254308e+01 9.397930e+05
-2.194042e+02 1.058549e+02 4.243804e+01 9.374726e+05
-2.193879e+02 1.069846e+02 4.289098e+01 9.474783e+05
-2.193707e+02 1.065449e+02 4.271470e+01 9.435842e+05
-2.193524e+02 1.066743e+02 4.276658e+01 9.447302e+05
-2.193329e+02 1.078485e+02 4.323730e+01 9.551285e+05
-2.193129e+02 1.077931e+02 4.321512e+01 9.546385e+05
-2.192922e+02 1.081583e+02 4.336151e+01 9.578725e+05
-2.192708e+02 1.082426e+02 4.339533e+01 9.586194e+05
-2.192483e+02 1.086878e+02 4.357379e+01 9.625618e+05
-2.192238e+02 1.088082e+02 4.362206e+01 9.636280e+05
-2.191982e+02 1.085869e+02 4.353334e+01 9.616681e+05
-2.191725e+02 1.085587e+02 4.352202e+01 9.614181e+05
-2.191472e+02 1.082571e+02 4.340111e+01 9.587472e+05
-2.191216e+02 1.083243e+02 4.342807e+01 9.593428e+05
-2.190956e+02 1.082442e+02 4.339597e+01 9.586336e+05
-2.190697e+02 1.083394e+02 4.343412e+01 9.594763e+05
-2.190430e+02 1.082690e+02 4.340587e+01 9.588524e+05
-2.190159e+02 1.083692e+02 4.344606e+01 9.597401e+05
-2.189890e+02 1.091145e+02 4.374486e+01 9.663407e+05
-2.189634e+02 1.080380e+02 4.331329e+01 9.568072e+05
-2.189387e+02 1.086903e+02 4.357478e+01 9.625836e+05
-2.189136e+02 1.089823e+02 4.369188e+01 9.651704e+05
-2.188884e+02 1.091499e+02 4.375906e+01 9.666545e+05
-2.188640e+02 1.085306e+02 4.351078e+01 9.611699e+05
-2.188400e+02 1.090879e+02 4.373418e+01 9.661049e+05
-2.188153e+02 1.088995e+02 4.365865e+01 9.644364e+05
-2.187905e+02 1.089315e+02 4.367148e+01 9.647198e+05
-2.187657e+02 1.095671e+02 4.392629e+01 9.703487e+05
-2.187405e+02 1.093859e+02 4.385368e+01 9.687446e+05
-2.187151e+02 1.094216e+02 4.386799e+01 9.690608e+05
-2.186894e+02 1.102538e+02 4.420161e+01 9.764305e+05
-2.186639e+02 1.102445e+02 4.419790e+01 9.763487e+05
-2.186386e+02 1.100567e+02 4.412260e+01 9.746852e+05
-2.186132e+02 1.090909e+02 4.373541e+01 9.661320e+05
-2.185876e+02 1.093910e+02 4.385571e+01 9.687894e+05
-2.185621e+02 1.087073e+02 4.358159e+01 9.627341e+05
-2.185370e+02 1.085259e+02 4.350888e+01 9.611280e+05
-2.185112e+02 1.087527e+02 4.359982e+01 9.631368e+05
-2.184844e+02 1.091932e+02 4.377639e+01 9.670374e+05
-2.184579e+02 1.094850e+02 4.389338e+01 9.696217e+05
-2.184316e+02 1.097849e+02 4.401363e+01 9.722779e+05
-2.184048e+02 1.103289e+02 4.423172e+01 9.770957e+05
-2.183778e+02 1.108605e+02 4.444485e+01 9.818039e+05
-2.183518e+02 1.106766e+02 4.437111e+01 9.801750e+05
-2.183260e+02 1.102294e+02 4.419183e+01 9.762145e+05
-2.182992e+02 1.101297e+02 4.415184e+01 9.753311e+05
-2.182719e+02 1.098300e+02 4.403173e+01 9.726778e+05
-2.182447e+02 1.095975e+02 4.393850e+01 9.706183e+05
-2.182171e+02 1.101949e+02 4.417799e+01 9.759087e+05
-2.181887e+02 1.102517e+02 4.420077e+01 9.764121e+05
-2.181593e+02 1.106183e+02 4.434776e+01 9.796591e+05
-2.181293e+02 1.107192e+02 4.438820e+01 9.805525e+05
-2.180994e+02 1.100024e+02 4.410084e+01 9.742045e+05
-2.180697e+02 1.099404e+02 4.407596e+01 9.736549e+05
-2.180395e+02 1.102358e+02 4.419438e+01 9.762709e+05
-2.180096e+02 1.098794e+02 4.405149e+01 9.731144e+05
-2.179802e+02 1.099395e+02 4.407561e+01 9.736471e+05
-2.179508e+02 1.095961e+02 4.393792e+01 9.706055e+05
-2.179210e+02 1.097930e+02 4.401689e+01 9.723500e+05
-2.178907e+02 1.096907e+02 4.397584e+01 9.714433e+05
-2.178607e+02 1.095625e+02 4.392448e+01 9.703087e+05
-2.178306e+02 1.088887e+02 4.365435e+01 9.643414e+05
-2.177999e+02 1.096325e+02 4.395251e+01 9.709279e+05
-2.177694e+02 1.102784e+02 4.421148e+01 9.766487e+05
-2.177385e+02 1.107435e+02 4.439794e+01 9.807676e+05
-2.177068e+02 1.107813e+02 4.441310e+01 9.811025e+05
-2.176742e+02 1.105628e+02 4.432549e+01 9.791671e+05
-2.176411e+02 1.119420e+02 4.487841e+01 9.913814e+05
-2.176080e+02 1.116742e+02 4.477106e+01 9.890099e+05
-2.175748e+02 1.115143e+02 4.470697e+01 9.875940e+05
-2.175412e+02 1.116643e+02 4.476711e+01 9.889227e+05
-2.175076e+02 1.110635e+02 4.452622e+01 9.836012e+05
-2.174738e+02 1.111748e+02 4.457087e+01 9.845875e+05
-2.174393e+02 1.105151e+02 4.430639e+01 9.787451e+05
-2.174038e+02 1.107758e+02 4.441091e+01 9.810540e+05
-2.173678e+02 1.107154e+02 4.438668e+01 9.805188e+05
-2.173322e+02 1.106579e+02 4.436362e+01 9.800095e+05
-2.172972e+02 1.113323e+02 4.463400e+01 9.859822e+05
-2.172621e+02 1.107224e+02 4.438948e+01 9.805806e+05
-2.172267e+02 1.104801e+02 4.429236e+01 9.784351e+05
-2.171912e+02 1.097079e+02 4.398276e+01 9.715962e+05
-2.171561e+02 1.103458e+02 4.423850e+01 9.772455e+05
-2.171210e+02 1.104948e+02 4.429821e+01 9.785646e+05
-2.170860e+02 1.106477e+02 4.435953e+01 9.799190e+05
-2.170505e+02 1.106573e+02 4.436339e+01 9.800044e+05
-2.170152e+02 1.099134e+02 4.406514e+01 9.734158e+05
-2.169814e+02 1.092756e+02 4.380945e+01 9.677676e+05
-2.169481e+02 1.079479e+02 4.327715e+01 9.560089e+05
-2.169150e+02 1.075223e+02 4.310652e+01 9.522396e+05
-2.168823e+02 1.069133e+02 4.286237e+01 9.468462e+05
-2.168490e+02 1.068194e+02 4.282472e+01 9.460146e+05
-2.168153e+02 1.062208e+02 4.258477e+01 9.407139e+05
-2.167817e+02 1.065790e+02 4.272836e+01 9.438859e+05
-2.167490e+02 1.061884e+02 4.257177e+01 9.404268e+05
-2.167165e+02 1.065308e+02 4.270902e+01 9.434586e+05
-2.166840e+02 1.060888e+02 4.253183e+01 9.395445e+05
-2.166527e+02 1.058419e+02 4.243285e+01 9.373580e+05
-2.166220e+02 1.056473e+02 4.235484e+01 9.356346e+05
-2.165922e+02 1.057784e+02 4.240740e+01 9.367959e+05
-2.165638e+02 1.060928e+02 4.253343e+01 9.395798e+05
-2.165353e+02 1.065983e+02 4.273608e+01 9.440564e+05
-2.165073e+02 1.060571e+02 4.251913e+01 9.392639e+05
-2.164797e+02 1.062269e+02 4.258722e+01 9.407680e+05
-2.164513e+02 1.056886e+02 4.237138e+01 9.360000e+05
-2.164214e+02 1.059255e+02 4.246638e+01 9.380987e+05
-2.163909e+02 1.055723e+02 4.232477e+01 9.349705e+05
-2.163596e+02 1.060489e+02 4.251585e+01 9.391915e+05
-2.163276e+02 1.059184e+02 4.246353e+01 9.380358e+05
-2.162941e+02 1.059830e+02 4.248943e+01 9.386079e+05
-2.162588e+02 1.059727e+02 4.248529e+01 9.385164e+05
-2.162224e+02 1.065164e+02 4.270326e+01 9.433314e+05
-2.161857e+02 1.067545e+02 4.279871e+01 9.454400e+05
-2.161502e+02 1.064208e+02 4.266492e+01 9.424844e+05
-2.161156e+02 1.063586e+02 4.264000e+01 9.419340e+05
-2.160810e+02 1.060511e+02 4.251670e+01 9.392103e+05
-2.160469e+02 1.064142e+02 4.266230e+01 9.424266e+05
-2.160131e+02 1.067421e+02 4.279374e+01 9.453301e+05
-2.159790e+02 1.069704e+02 4.288529e+01 9.473525e+05
-2.159455e+02 1.067512e+02 4.279741e+01 9.454112e+05
-2.159123e+02 1.063738e+02 4.264608e+01 9.420682e+05
-2.158784e+02 1.056813e+02 4.236845e+01 9.359354e+05
-2.158439e+02 1.059237e+02 4.246566e+01 9.380828e+05
-2.158096e+02 1.057374e+02 4.239095e+01 9.364324e+05
-2.157758e+02 1.056368e+02 4.235061e+01 9.355412e+05
-2.157426e+02 1.057753e+02 4.240617e+01 9.367685e+05
-2.157103e+02 1.057409e+02 4.239235e+01 9.364633e+05
-2.156784e+02 1.058643e+02 4.244181e+01 9.375559e+05
-2.156461e+02 1.052195e+02 4.218332e+01 9.318457e+05
-2.156138e+02 1.052245e+02 4.218532e+01 9.318898e+05
-2.155806e+02 1.046115e+02 4.193958e+01 9.264615e+05
-2.155465e+02 1.054745e+02 4.228556e+01 9.341043e+05
-2.155130e+02 1.058883e+02 4.245143e+01 9.377684e+05
-2.154799e+02 1.054915e+02 4.229237e+01 9.342547e+05
-2.154469e+02 1.055188e+02 4.230333e+01 9.344968e+05
-2.154133e+02 1.055540e+02 4.231744e+01 9.348084e+05
-2.153790e+02 1.052833e+02 4.220891e+01 9.324110e+05
-2.153446e+02 1.054056e+02 4.225795e+01 9.334944e+05
-2.153095e+02 1.064413e+02 4.267315e+01 9.426663e+05
-2.152724e+02 1.061700e+02 4.256439e+01 9.402636e+05
-2.152336e+02 1.057946e+02 4.241390e+01 9.369393e+05
-2.151936e+02 1.055438e+02 4.231334e+01 9.347179e+05
-2.151528e+02 1.047728e+02 4.200426e+01 9.278901e+05
-2.151120e+02 1.057191e+02 4.238360e+01 9.362700e+05
-2.150721e+02 1.056558e+02 4.235824e+01 9.357098e+05
-2.150327e+02 1.051879e+02 4.217065e+01 9.315659e+05
-2.149923e+02 1.054012e+02 4.225616e+01 9.334547e+05
-2.149513e+02 1.052026e+02 4.217654e+01 9.316960e+05
-2.149105e+02 1.047698e+02 4.200304e+01 9.278633e+05
-2.148700e+02 1.048938e+02 4.205273e+01 9.289610e+05
-2.148300e+02 1.049070e+02 4.205804e+01 9.290783e+05
-2.147905e+02 1.044502e+02 4.187492e+01 9.250330e+05
-2.147523e+02 1.040925e+02 4.173149e+01 9.218647e+05
-2.147150e+02 1.045476e+02 4.191395e+01 9.258953e+05
-2.146778e+02 1.049314e+02 4.206782e+01 9.292944e+05
-2.146409e+02 1.051229e+02 4.214459e+01 9.309903e+05
-2.146048e+02 1.055002e+02 4.229585e+01 9.343316e+05
-2.145687e+02 1.059279e+02 4.246732e+01 9.381195e+05
-2.145330e+02 1.062205e+02 4.258462e+01 9.407106e+05
-2.144977e+02 1.054810e+02 4.228815e+01 9.341615e+05
-2.144620e+02 1.060719e+02 4.252504e+01 9.393946e+05
-2.144255e+02 1.060610e+02 4.252070e+01 9.392986e+05
-2.143882e+02 1.062782e+02 4.260777e+01 9.412221e+05
-2.143509e+02 1.059501e+02 4.247624e+01 9.383165e+05
-2.143153e+02 1.056555e+02 4.235811e+01 9.357068e+05
-2.142810e+02 1.054064e+02 4.225826e+01 9.335011e+05
-2.142467e+02 1.059628e+02 4.248131e+01 9.384285e+05
-2.142130e+02 1.056458e+02 4.235422e+01 9.356210e+05
-2.141803e+02 1.056589e+02 4.235950e+01 9.357375e+05
-2.141472e+02 1.059497e+02 4.247608e+01 9.383130e+05
-2.141134e+02 1.054852e+02 4.228984e+01 9.341987e+05
-2.140801e+02 1.059110e+02 4.246056e+01 9.379701e+05
-2.140461e+02 1.055589e+02 4.231941e+01 9.348520e+05
-2.140114e+02 1.055012e+02 4.229628e+01 9.343410e+05
-2.139778e+02 1.054252e+02 4.226579e+01 9.336676e+05
-2.139437e+02 1.055835e+02 4.232927e+01 9.350698e+05
-2.139084e+02 1.063763e+02 4.264710e+01 9.420908e+05
-2.138725e+02 1.061843e+02 4.257013e+01 9.403906e+05
-2.138361e+02 1.065157e+02 4.270298e+01 9.433252e+05
-2.137994e+02 1.065867e+02 4.273143e+01 9.439537e+05
-2.137631e+02 1.058969e+02 4.245492e+01 9.378454e+05
-2.137270e+02 1.063201e+02 4.262455e+01 9.415926e+05
-2.136911e+02 1.056182e+02 4.234317e+01 9.353770e+05
-2.136562e+02 1.056216e+02 4.234452e+01 9.354067e+05
-2.136218e+02 1.059203e+02 4.246429e+01 9.380524e+05
-2.135883e+02 1.053446e+02 4.223349e+01 9.329539e+05
-2.135548e+02 1.054930e+02 4.229295e+01 9.342676e+05
-2.135208e+02 1.052139e+02 4.218109e+01 9.317964e+05
-2.134875e+02 1.055698e+02 4.232377e+01 9.349483e+05
-2.134542e+02 1.047811e+02 4.200757e+01 9.279633e+05
-2.134202e+02 1.051791e+02 4.216712e+01 9.314879e+05
-2.133855e+02 1.051220e+02 4.214422e+01 9.309820e+05
-2.133511e+02 1.050848e+02 4.212933e+01 9.306531e+05
-2.133172e+02 1.046912e+02 4.197154e+01 9.271673e+05
-2.132836e+02 1.045390e+02 4.191052e+01 9.258194e+05
-2.132518e+02 1.045770e+02 4.192576e+01 9.261561e+05
-2.132209e+02 1.046992e+02 4.197473e+01 9.272379e+05
-2.131900e+02 1.043283e+02 4.182604e+01 9.239532e+05
-2.131590e+02 1.046095e+02 4.193879e+01 9.264439e+05
-2.131281e+02 1.049924e+02 4.209228e+01 9.298347e+05
-2.130972e+02 1.048442e+02 4.203285e+01 9.285219e+05
-2.130665e+02 1.050052e+02 4.209742e+01 9.299482e+05
-2.130361e+02 1.058368e+02 4.243081e+01 9.373129e+05
-2.130058e+02 1.060967e+02 4.253500e+01 9.396146e+05
-2.129766e+02 1.052086e+02 4.217896e+01 9.317494e+05
-2.129482e+02 1.048799e+02 4.204717e+01 9.288381e+05
-2.129198e+02 1.049625e+02 4.208029e+01 9.295697e+05
-2.128912e+02 1.051556e+02 4.215772e+01 9.312802e+05
-2.128625e+02 1.052376e+02 4.219056e+01 9.320057e+05
-2.128347e+02 1.052659e+02 4.220192e+01 9.322567e+05
-2.128077e+02 1.060340e+02 4.250985e+01 9.390590e+05
-2.127803e+02 1.053068e+02 4.221832e+01 9.326188e+05
-2.127527e+02 1.052427e+02 4.219262e+01 9.320512e+05
-2.127252e+02 1.050637e+02 4.212086e+01 9.304660e+05
-2.126976e+02 1.051985e+02 4.217489e+01 9.316596e+05
-2.126696e+02 1.054131e+02 4.226094e+01 9.335604e+05
-2.126405e+02 1.059517e+02 4.247688e+01 9.383307e+05
-2.126104e+02 1.055733e+02 4.232518e+01 9.349795e+05
-2.125801e+02 1.051936e+02 4.217295e+01 9.316167e+05
-2.125498e+02 1.045983e+02 4.193429e+01 9.263446e+05
-2.125199e+02 1.037564e+02 4.159677e+01 9.188886e+05
-2.124902e+02 1.031704e+02 4.136183e+01 9.136987e+05
-2.124609e+02 1.035297e+02 4.150586e+01 9.168805e+05
-2.124321e+02 1.037827e+02 4.160731e+01 9.191214e+05
-2.124033e+02 1.037756e+02 4.160444e+01 9.190582e+05
-2.123746e+02 1.035909e+02 4.153039e+01 9.174222e+05
-2.123470e+02 1.034923e+02 4.149086e+01 9.165491e+05
-2.123204e+02 1.035864e+02 4.152862e+01 9.173831e+05
-2.122944e+02 1.035218e+02 4.150271e+01 9.168107e+05
-2.122689e+02 1.034730e+02 4.148314e+01 9.163785e+05
-2.122439e+02 1.035563e+02 4.151655e+01 9.171165e+05
-2.122202e+02 1.032576e+02 4.139679e+01 9.144709e+05
-2.121958e+02 1.034154e+02 4.146006e+01 9.158687e+05
-2.121690e+02 1.036941e+02 4.157177e+01 9.183363e+05
-2.121413e+02 1.029216e+02 4.126209e+01 9.114954e+05
-2.121128e+02 1.027902e+02 4.120941e+01 9.103317e+05
-2.120833e+02 1.033336e+02 4.142727e+01 9.151443e+05
-2.120544e+02 1.032430e+02 4.139091e+01 9.143411e+05
-2.120271e+02 1.029478e+02 4.127257e+01 9.117269e+05
-2.120010e+02 1.026927e+02 4.117030e+01 9.094678e+05
-2.119759e+02 1.018848e+02 4.084642e+01 9.023132e+05
-2.119509e+02 1.020497e+02 4.091251e+01 9.037730e+05
-2.119255e+02 1.019442e+02 4.087023e+01 9.028391e+05
-2.119008e+02 1.019105e+02 4.085672e+01 9.025406e+05
-2.118770e+02 1.022666e+02 4.099950e+01 9.056947e+05
-2.118529e+02 1.034278e+02 4.146502e+01 9.159782e+05
-2.118291e+02 1.028647e+02 4.123925e+01 9.109908e+05
-2.118059e+02 1.034383e+02 4.146924e+01 9.160715e+05
-2.117829e+02 1.030611e+02 4.131800e+01 9.127304e+05
-2.117597e+02 1.026635e+02 4.115860e+01 9.092092e+05
-2.117357e+02 1.018908e+02 4.084884e+01 9.023665e+05
-2.117121e+02 1.026593e+02 4.115693e+01 9.091725e+05
-2.116895e+02 1.025910e+02 4.112955e+01 9.085676e+05
-2.116680e+02 1.030363e+02 4.130808e+01 9.125113e+05
-2.116477e+02 1.032971e+02 4.141260e+01 9.148203e+05
-2.116279e+02 1.025399e+02 4.110903e+01 9.081143e+05
-2.116083e+02 1.026045e+02 4.113493e+01 9.086864e+05
-2.115892e+02 1.024986e+02 4.109250e+01 9.077490e+05
-2.115707e+02 1.034259e+02 4.146425e+01 9.159612e+05
-2.115522e+02 1.037021e+02 4.157498e+01 9.184073e+05
-2.115331e+02 1.033048e+02 4.141569e+01 9.148884e+05
-2.115138e+02 1.038565e+02 4.163690e+01 9.197752e+05
-2.114950e+02 1.034976e+02 4.149300e+01 9.165964e+05
-2.114769e+02 1.036583e+02 4.155741e+01 9.180192e+05
-2.114590e+02 1.040856e+02 4.172873e+01 9.218038e+05
-2.114417e+02 1.039795e+02 4.168620e+01 9.208643e+05
-2.114243e+02 1.036920e+02 4.157094e+01 9.183180e+05
-2.114065e+02 1.040875e+02 4.172950e+01 9.218206e+05
-2.113882e+02 1.038744e+02 4.164406e+01 9.199332e+05
-2.113698e+02 1.031222e+02 4.134249e+01 9.132715e+05
-2.113517e+02 1.031194e+02 4.134136e+01 9.132465e+05
-2.113334e+02 1.037820e+02 4.160702e+01 9.191151e+05
-2.113146e+02 1.035419e+02 4.151077e+01 9.169888e+05
-2.112962e+02 1.040172e+02 4.170132e+01 9.211981e+05
-2.112787e+02 1.042853e+02 4.180879e+01 9.235722e+05
-2.112618e+02 1.037108e+02 4.157846e+01 9.184842e+05
-2.112443e+02 1.034219e+02 4.146265e+01 9.159258e+05
-2.112255e+02 1.037511e+02 4.159463e+01 9.188412e+05
-2.112063e+02 1.038096e+02 4.161809e+01 9.193595e+05
-2.111874e+02 1.039395e+02 4.167016e+01 9.205099e+05
-2.111691e+02 1.038538e+02 4.163582e+01 9.197511e+05
-2.111503e+02 1.040156e+02 4.170066e+01 9.211835e+05
-2.111309e+02 1.034743e+02 4.148367e+01 9.163902e+05
-2.111108e+02 1.038692e+02 4.164198e+01 9.198873e+05
-2.110891e+02 1.034611e+02 4.147836e+01 9.162729e+05
-2.110661e+02 1.034959e+02 4.149230e+01 9.165808e+05
-2.110426e+02 1.033701e+02 4.144187e+01 9.154668e+05
-2.110186e+02 1.040686e+02 4.172194e+01 9.216536e+05
-2.109941e+02 1.038920e+02 4.165112e+01 9.200892e+05
-2.109698e+02 1.041547e+02 4.175644e+01 9.224158e+05
-2.109458e+02 1.038196e+02 4.162210e+01 9.194482e+05
-2.109216e+02 1.040510e+02 4.171487e+01 9.214975e+05
-2.108973e+02 1.044808e+02 4.188717e+01 9.253036e+05
-2.108737e+02 1.041495e+02 4.175437e+01 9.223700e+05
-2.108506e+02 1.035962e+02 4.153251e+01 9.174691e+05
-2.108281e+02 1.043111e+02 4.181916e+01 9.238013e+05
-2.108057e+02 1.044102e+02 4.185889e+01 9.246789e+05
-2.107820e+02 1.051125e+02 4.214044e+01 9.308985e+05
-2.107573e+02 1.050542e+02 4.211706e+01 9.303821e+05
-2.107328e+02 1.051112e+02 4.213990e+01 9.308866e+05
-2.107089e+02 1.048478e+02 4.203431e+01 9.285540e+05
-2.106857e+02 1.051533e+02 4.215678e+01 9.312595e+05
-2.106619e+02 1.049438e+02 4.207280e+01 9.294044e+05
-2.106381e+02 1.046296e+02 4.194685e+01 9.266220e+05
-2.106159e+02 1.041064e+02 4.173706e+01 9.219878e+05
-2.105948e+02 1.043806e+02 4.184700e+01 9.244164e+05
-2.105740e+02 1.044194e+02 4.186254e+01 9.247596e+05
-2.105534e+02 1.039070e+02 4.165715e+01 9.202225e+05
-2.105335e+02 1.038613e+02 4.163881e+01 9.198173e+05
-2.105148e+02 1.046673e+02 4.196193e+01 9.269551e+05
-2.104973e+02 1.050554e+02 4.211753e+01 9.303923e+05
-2.104804e+02 1.055004e+02 4.229594e+01 9.343336e+05
-2.104635e+02 1.055795e+02 4.232764e+01 9.350337e+05
-2.104471e+02 1.061558e+02 4.255869e+01 9.401378e+05
-2.104304e+02 1.060689e+02 4.252387e+01 9.393687e+05
-2.104132e+02 1.060891e+02 4.253196e+01 9.395474e+05
-2.103970e+02 1.060535e+02 4.251769e+01 9.392321e+05
-2.103817e+02 1.063562e+02 4.263903e+01 9.419126e+05
-2.103662e+02 1.062742e+02 4.260616e+01 9.411864e+05
-2.103499e+02 1.063830e+02 4.264978e+01 9.421500e+05
-2.103337e+02 1.052427e+02 4.219264e+01 9.320516e+05
-2.103173e+02 1.050212e+02 4.210382e+01 9.300896e+05
-2.103006e+02 1.049914e+02 4.209188e+01 9.298257e+05
-2.102842e+02 1.042336e+02 4.178807e+01 9.231145e+05
-2.102683e+02 1.040099e+02 4.169839e+01 9.211334e+05
-2.102532e+02 1.040560e+02 4.171685e+01 9.215412e+05
-2.102383e+02 1.039279e+02 4.166550e+01 9.204070e+05
-2.102243e+02 1.038211e+02 4.162269e+01 9.194612e+05
-2.102116e+02 1.037601e+02 4.159824e+01 9.189211e+05
-2.101982e+02 1.048949e+02 4.205320e+01 9.289713e+05
-2.101839e+02 1.046393e+02 4.195071e+01 9.267073e+05
-2.101688e+02 1.047271e+02 4.198590e+01 9.274847e+05
-2.101532e+02 1.047478e+02 4.199420e+01 9.276679e+05
-2.101369e+02 1.048568e+02 4.203790e+01 9.286334e+05
-2.101207e+02 1.051677e+02 4.216254e+01 9.313866e+05
-2.101048e+02 1.057964e+02 4.241460e+01 9.369548e+05
-2.100882e+02 1.050188e+02 4.210286e+01 9.300684e+05
-2.100730e+02 1.049714e+02 4.208384e+01 9.296482e+05
-2.100597e+02 1.055267e+02 4.230649e+01 9.345667e+05
-2.100467e+02 1.055219e+02 4.230455e+01 9.345236e+05
-2.100345e+02 1.057786e+02 4.240746e+01 9.367970e+05
-2.100230e+02 1.059400e+02 4.247216e+01 9.382263e+05
-2.100118e+02 1.060747e+02 4.252620e+01 9.394200e+05
-2.100007e+02 1.057967e+02 4.241472e+01 9.369576e+05
-2.099895e+02 1.060299e+02 4.250820e+01 9.390226e+05
-2.099785e+02 1.063094e+02 4.262027e+01 9.414982e+05
-2.099683e+02 1.067437e+02 4.279440e+01 9.453448e+05
-2.099576e+02 1.067752e+02 4.280702e+01 9.456236e+05
-2.099458e+02 1.064154e+02 4.266276e+01 9.424367e+05
-2.099338e+02 1.061530e+02 4.255759e+01 9.401134e+05
-2.099224e+02 1.061431e+02 4.255360e+01 9.400254e+05
-2.099121e+02 1.056225e+02 4.234487e+01 9.354145e+05
-2.099019e+02 1.052058e+02 4.217784e+01 9.317247e+05
-2.098906e+02 1.065564e+02 4.271929e+01 9.436855e+05
-2.098798e+02 1.065431e+02 4.271397e+01 9.435681e+05
-2.098693e+02 1.064710e+02 4.268507e+01 9.429296e+05
-2.098589e+02 1.061239e+02 4.254589e+01 9.398550e+05
-2.098489e+02 1.068078e+02 4.282009e+01 9.459123e+05
-2.098386e+02 1.066105e+02 4.274099e+01 9.441649e+05
-2.098283e+02 1.070401e+02 4.291322e+01 9.479694e+05
-2.098184e+02 1.071268e+02 4.294798e+01 9.487374e+05
-2.098091e+02 1.064980e+02 4.269589e+01 9.431685e+05
-2.098000e+02 1.065755e+02 4.272697e+01 9.438552e+05
-2.097910e+02 1.060400e+02 4.251228e+01 9.391126e+05
-2.097824e+02 1.064452e+02 4.267473e+01 9.427011e+05
-2.097735e+02 1.066367e+02 4.275149e+01 9.443968e+05
-2.097648e+02 1.064286e+02 4.266805e+01 9.425537e+05
-2.097560e+02 1.066605e+02 4.276102e+01 9.446072e+05
-2.097458e+02 1.060157e+02 4.250253e+01 9.388972e+05
-2.097349e+02 1.057711e+02 4.240446e+01 9.367309e+05
-2.097236e+02 1.064087e+02 4.266007e+01 9.423772e+05
-2.097126e+02 1.058936e+02 4.245357e+01 9.378156e+05
-2.097029e+02 1.060754e+02 4.252645e+01 9.394256e+05
-2.096941e+02 1.054558e+02 4.227807e+01 9.339388e+05
-2.096861e+02 1.053343e+02 4.222936e+01 9.328627e+05
-2.096785e+02 1.056645e+02 4.236172e+01 9.357867e+05
-2.096707e+02 1.060646e+02 4.252212e+01 9.393300e+05
-2.096630e+02 1.065951e+02 4.273481e+01 9.440283e+05
-2.096553e+02 1.067091e+02 4.278051e+01 9.450379e+05
-2.096475e+02 1.067971e+02 4.281581e+01 9.458177e+05
-2.096399e+02 1.074053e+02 4.305962e+01 9.512036e+05
-2.096319e+02 1.072633e+02 4.300269e+01 9.499459e+05
-2.096234e+02 1.072458e+02 4.299567e+01 9.497908e+05
-2.096153e+02 1.076600e+02 4.316174e+01 9.534594e+05
-2.096079e+02 1.073631e+02 4.304273e+01 9.508304e+05
-2.096020e+02 1.072473e+02 4.299627e+01 9.498041e+05
-2.095973e+02 1.073668e+02 4.304419e+01 9.508628e+05
-2.095931e+02 1.069462e+02 4.287555e+01 9.471375e+05
-2.095891e+02 1.069212e+02 4.286554e+01 9.469162e+05
-2.095852e+02 1.068863e+02 4.285156e+01 9.466074e+05
-2.095816e+02 1.076607e+02 4.316201e+01 9.534654e+05
-2.095779e+02 1.069780e+02 4.288830e+01 9.474191e+05
-2.095743e+02 1.066836e+02 4.277029e+01 9.448121e+05
-2.095705e+02 1.059013e+02 4.245666e+01 9.378840e+05
-2.095657e+02 1.055028e+02 4.229690e+01 9.343549e+05
-2.095606e+02 1.055060e+02 4.229820e+01 9.343834e+05
-2.095559e+02 1.059729e+02 4.248535e+01 9.385177e+05
-2.095514e+02 1.064063e+02 4.265911e+01 9.423560e+05
-2.095474e+02 1.057982e+02 4.241534e+01 9.369711e+05
-2.095446e+02 1.062704e+02 4.260464e+01 9.411528e+05
-2.095417e+02 1.067863e+02 4.281147e+01 9.457219e+05
-2.095387e+02 1.063908e+02 4.265289e+01 9.422187e+05
-2.095360e+02 1.063347e+02 4.263041e+01 9.417222e+05
-2.095331e+02 1.069876e+02 4.289217e+01 9.475044e+05
-2.095296e+02 1.077979e+02 4.321704e+01 9.546810e+05
-2.095243e+02 1.085876e+02 4.353363e+01 9.616746e+05
-2.095178e+02 1.091307e+02 4.375137e+01 9.664845e+05
-2.095108e+02 1.088764e+02 4.364939e+01 9.642317e+05
-2.095037e+02 1.090214e+02 4.370752e+01 9.655158e+05
-2.094974e+02 1.089698e+02 4.368683e+01 9.650589e+05
-2.094915e+02 1.081440e+02 4.335577e+01 9.577457e+05
-2.094850e+02 1.080746e+02 4.332797e+01 9.571316e+05
-2.094793e+02 1.074533e+02 4.307886e+01 9.516285e+05
-2.094748e+02 1.082090e+02 4.338183e+01 9.583212e+05
-2.094698e+02 1.086398e+02 4.355454e+01 9.621365e+05
-2.094635e+02 1.084907e+02 4.349478e+01 9.608164e+05
-2.094562e+02 1.089477e+02 4.367797e+01 9.648631e+05
-2.094478e+02 1.086329e+02 4.355180e+01 9.620760e+05
-2.094394e+02 1.087944e+02 4.361652e+01 9.635057e+05
-2.094316e+02 1.096235e+02 4.394892e+01 9.708486e+05
-2.094242e+02 1.095077e+02 4.390249e+01 9.698229e+05
-2.094180e+02 1.109429e+02 4.447788e+01 9.825335e+05
-2.094135e+02 1.110628e+02 4.452595e+01 9.835954e+05
-2.094104e+02 1.102521e+02 4.420094e+01 9.764157e+05
-2.094075e+02 1.106033e+02 4.434173e+01 9.795258e+05
-2.094045e+02 1.102194e+02 4.418780e+01 9.761255e+05
-2.094028e+02 1.101515e+02 4.416059e+01 9.755244e+05
-2.094033e+02 1.105951e+02 4.433844e+01 9.794532e+05
-2.094048e+02 1.105681e+02 4.432763e+01 9.792143e+05
-2.094065e+02 1.107093e+02 4.438423e+01 9.804647e+05
-2.094079e+02 1.104658e+02 4.428660e+01 9.783080e+05
-2.094090e+02 1.099476e+02 4.407886e+01 9.737190e+05
-2.094108e+02 1.096357e+02 4.395382e+01 9.709567e+05
-2.094136e+02 1.100259e+02 4.411026e+01 9.744126e+05
-2.094169e+02 1.093561e+02 4.384173e+01 9.684806e+05
-2.094209e+02 1.096639e+02 4.396512e+01 9.712064e+05
-2.094253e+02 1.097427e+02 4.399672e+01 9.719045e+05
-2.094295e+02 1.093256e+02 4.382950e+01 9.682104e+05
-2.094333e+02 1.092361e+02 4.379359e+01 9.674173e+05
-2.094381e+02 1.091883e+02 4.377446e+01 9.669946e+05
-2.094438e+02 1.094283e+02 4.387066e+01 9.691198e+05
-2.094496e+02 1.085668e+02 4.352529e+01 9.614904e+05
-2.094569e+02 1.082619e+02 4.340306e+01 9.587903e+05
-2.094655e+02 1.079426e+02 4.327505e+01 9.559625e+05
-2.094739e+02 1.081038e+02 4.333967e+01 9.573899e+05
-2.094819e+02 1.093975e+02 4.385833e+01 9.688474e+05
-2.094897e+02 1.094269e+02 4.387011e+01 9.691075e+05
-2.094978e+02 1.090802e+02 4.373113e+01 9.660374e+05
-2.095071e+02 1.085805e+02 4.353079e+01 9.616118e+05
-2.095175e+02 1.083928e+02 4.345551e+01 9.599488e+05
-2.095280e+02 1.090062e+02 4.370143e+01 9.653814e+05
-2.095395e+02 1.093242e+02 4.382893e+01 9.681979e+05
-2.095515e+02 1.096554e+02 4.396171e+01 9.711311e+05
-2.095637e+02 1.092648e+02 4.380510e+01 9.676715e+05
-2.095765e+02 1.090801e+02 4.373107e+01 9.660362e+05
-2.095887e+02 1.095183e+02 4.390674e+01 9.699168e+05
-2.096000e+02 1.091415e+02 4.375570e+01 9.665802e+05
-2.096109e+02 1.096139e+02 4.394507e+01 9.707635e+05
-2.096209e+02 1.099887e+02 4.409534e+01 9.740830e+05
-2.096303e+02 1.097670e+02 4.400644e+01 9.721191e+05
-2.096391e+02 1.100240e+02 4.410950e+01 9.743958e+05
-2.096478e+02 1.100101e+02 4.410391e+01 9.742724e+05
-2.096566e+02 1.096781e+02 4.397082e+01 9.713323e+05
-2.096660e+02 1.100131e+02 4.410511e+01 9.742989e+05
-2.096758e+02 1.106629e+02 4.436562e+01 9.800536e+05
-2.096861e+02 1.111117e+02 4.454554e+01 9.840280e+05
-2.096967e+02 1.117064e+02 4.478397e+01 9.892952e+05
-2.097074e+02 1.113978e+02 4.466023e+01 9.865617e+05
-2.097184e+02 1.115014e+02 4.470177e+01 9.874792e+05
-2.097289e+02 1.116004e+02 4.474146e+01 9.883560e+05
-2.097391e+02 1.119296e+02 4.487344e+01 9.912715e+05
-2.097502e+02 1.120206e+02 4.490994e+01 9.920777e+05
-2.097622e+02 1.124394e+02 4.507786e+01 9.957872e+05
-2.097747e+02 1.122419e+02 4.499865e+01 9.940375e+05
-2.097878e+02 1.115481e+02 4.472052e+01 9.878935e+05
-2.098012e+02 1.119938e+02 4.489918e+01 9.918402e+05
-2.098146e+02 1.122469e+02 4.500065e+01 9.940816e+05
-2.098284e+02 1.132123e+02 4.538772e+01 1.002632e+06
-2.098429e+02 1.137645e+02 4.560907e+01 1.007522e+06
-2.098584e+02 1.142723e+02 4.581264e+01 1.012019e+06
-2.098745e+02 1.143599e+02 4.584777e+01 1.012795e+06
-2.098901e+02 1.141317e+02 4.575629e+01 1.010774e+06
-2.099059e+02 1.138260e+02 4.563373e+01 1.008067e+06
-2.099228e+02 1.138714e+02 4.565192e+01 1.008468e+06
-2.099407e+02 1.136831e+02 4.557644e+01 1.006801e+06
-2.099589e+02 1.139124e+02 4.566838e+01 1.008832e+06
-2.099773e+02 1.138513e+02 4.564389e+01 1.008291e+06
-2.099956e+02 1.143240e+02 4.583341e+01 1.012478e+06
-2.100136e+02 1.144530e+02 4.588511e+01 1.013620e+06
-2.100316e+02 1.150052e+02 4.610648e+01 1.018510e+06
-2.100503e+02 1.152236e+02 4.619405e+01 1.020444e+06
-2.100693e+02 1.148304e+02 4.603640e+01 1.016962e+06
-2.100881e+02 1.146990e+02 4.598372e+01 1.015798e+06
-2.101068e+02 1.150423e+02 4.612135e+01 1.018838e+06
-2.101250e+02 1.146556e+02 4.596634e+01 1.015414e+06
-2.101427e+02 1.141771e+02 4.577449e+01 1.011176e+06
-2.101602e+02 1.139112e+02 4.566790e+01 1.008822e+06
-2.101769e+02 1.141329e+02 4.575677e+01 1.010785e+06
-2.101922e+02 1.136200e+02 4.555117e+01 1.006243e+06
-2.102067e+02 1.142842e+02 4.581743e+01 1.012125e+06
-2.102209e+02 1.149944e+02 4.610215e+01 1.018414e+06
-2.102350e+02 1.147944e+02 4.602196e+01 1.016643e+06
-2.102491e+02 1.142585e+02 4.580715e+01 1.011897e+06
-2.102632e+02 1.141613e+02 4.576817e+01 1.011036e+06
-2.102764e+02 1.139471e+02 4.568228e+01 1.009139e+06
-2.102889e+02 1.139902e+02 4.569956e+01 1.009521e+06
-2.103002e+02 1.143807e+02 4.585611e+01 1.012979e+06
-2.103101e+02 1.141073e+02 4.574649e+01 1.010558e+06
-2.103194e+02 1.141856e+02 4.577789e+01 1.011251e+06
-2.103289e+02 1.138982e+02 4.566268e+01 1.008706e+06
-2.103385e+02 1.139942e+02 4.570116e+01 1.009556e+06
-2.103476e+02 1.140256e+02 4.571377e+01 1.009835e+06
-2.103569e+02 1.143839e+02 4.585741e+01 1.013008e+06
-2.103663e+02 1.150973e+02 4.614341e+01 1.019326e+06
-2.103754e+02 1.151360e+02 4.615894e+01 1.019669e+06
-2.103835e+02 1.150434e+02 4.612181e+01 1.018849e+06
-2.103904e+02 1.154320e+02 4.627761e+01 1.022290e+06
-2.103960e+02 1.155585e+02 4.632829e+01 1.023410e+06
-2.104009e+02 1.157168e+02 4.639175e+01 1.024812e+06
-2.104059e+02 1.160135e+02 4.651073e+01 1.027440e+06
-2.104109e+02 1.164768e+02 4.669646e+01 1.031543e+06
-2.104164e+02 1.167355e+02 4.680017e+01 1.033834e+06
-2.104218e+02 1.158961e+02 4.646365e+01 1.026400e+06
-2.104265e+02 1.155890e+02 4.634053e+01 1.023680e+06
-2.104306e+02 1.163645e+02 4.665145e+01 1.030548e+06
-2.104343e+02 1.167902e+02 4.682211e+01 1.034318e+06
-2.104373e+02 1.166893e+02 4.678165e+01 1.033425e+06
-2.104394e+02 1.167113e+02 4.679048e+01 1.033620e+06
-2.104405e+02 1.168041e+02 4.682768e+01 1.034442e+06
-2.104416e+02 1.175548e+02 4.712864e+01 1.041090e+06
-2.104425e+02 1.178874e+02 4.726200e+01 1.044036e+06
-2.104418e+02 1.167727e+02 4.681510e+01 1.034164e+06
-2.104399e+02 1.163864e+02 4.666021e+01 1.030742e+06
-2.104372e+02 1.168407e+02 4.684236e+01 1.034766e+06
-2.104347e+02 1.165754e+02 4.673601e+01 1.032416e+06
-2.104316e+02 1.164073e+02 4.666860e+01 1.030927e+06
-2.104275e+02 1.163177e+02 4.663268e+01 1.030134e+06
-2.104231e+02 1.171986e+02 4.698582e+01 1.037935e+06
-2.104180e+02 1.172417e+02 4.700314e+01 1.038317e+06
-2.104123e+02 1.172476e+02 4.700547e+01 1.038369e+06
-2.104072e+02 1.168250e+02 4.683604e+01 1.034626e+06
-2.104022e+02 1.165821e+02 4.673868e+01 1.032475e+06
-2.103967e+02 1.162000e+02 4.658550e+01 1.029092e+06
-2.103912e+02 1.160237e+02 4.651482e+01 1.027530e+06
-2.103853e+02 1.162083e+02 4.658880e+01 1.029165e+06
-2.103791e+02 1.162919e+02 4.662234e+01 1.029905e+06
-2.103728e+02 1.169902e+02 4.690228e+01 1.036089e+06
-2.103658e+02 1.173324e+02 4.703947e+01 1.039120e+06
-2.103586e+02 1.171960e+02 4.698479e+01 1.037912e+06
-2.103517e+02 1.170083e+02 4.690955e+01 1.036250e+06
-2.103446e+02 1.165843e+02 4.673955e+01 1.032495e+06
-2.103371e+02 1.165515e+02 4.672641e+01 1.032204e+06
-2.103294e+02 1.167088e+02 4.678949e+01 1.033598e+06
-2.103208e+02 1.174230e+02 4.707579e+01 1.039922e+06
-2.103116e+02 1.183860e+02 4.746187e+01 1.048451e+06
-2.103027e+02 1.192532e+02 4.780954e+01 1.056131e+06
-2.102936e+02 1.199003e+02 4.806898e+01 1.061862e+06
-2.102839e+02 1.193744e+02 4.785813e+01 1.057204e+06
-2.102732e+02 1.193375e+02 4.784334e+01 1.056878e+06
-2.102610e+02 1.188634e+02 4.765326e+01 1.052679e+06
-2.102472e+02 1.185304e+02 4.751978e+01 1.049730e+06
-2.102315e+02 1.190923e+02 4.774505e+01 1.054706e+06
-2.102150e+02 1.194312e+02 4.788090e+01 1.057707e+06
-2.101977e+02 1.194642e+02 4.789414e+01 1.058000e+06
-2.101796e+02 1.198598e+02 4.805274e+01 1.061503e+06
-2.101613e+02 1.202671e+02 4.821604e+01 1.065111e+06
-2.101436e+02 1.205025e+02 4.831041e+01 1.067195e+06
-2.101261e+02 1.193294e+02 4.784011e+01 1.056806e+06
-2.101079e+02 1.197636e+02 4.801415e+01 1.060651e+06
-2.100891e+02 1.199379e+02 4.808403e+01 1.062195e+06
-2.100691e+02 1.202705e+02 4.821739e+01 1.065141e+06
-2.100478e+02 1.203673e+02 4.825619e+01 1.065998e+06
-2.100262e+02 1.206620e+02 4.837435e+01 1.068608e+06
-2.100038e+02 1.206149e+02 4.835545e+01 1.068190e+06
-2.099799e+02 1.201014e+02 4.814961e+01 1.063643e+06
-2.099552e+02 1.200036e+02 4.811039e+01 1.062777e+06
-2.099304e+02 1.202847e+02 4.822310e+01 1.065267e+06
-2.099051e+02 1.215441e+02 4.872800e+01 1.076420e+06
-2.098796e+02 1.212353e+02 4.860419e+01 1.073685e+06
-2.098546e+02 1.219804e+02 4.890288e+01 1.080283e+06
-2.098292e+02 1.227311e+02 4.920385e+01 1.086932e+06
-2.098031e+02 1.225399e+02 4.912720e+01 1.085239e+06
-2.097768e+02 1.232125e+02 4.939686e+01 1.091196e+06
-2.097501e+02 1.223987e+02 4.907060e+01 1.083988e+06
-2.097229e+02 1.229033e+02 4.927289e+01 1.088457e+06
-2.096957e+02 1.220852e+02 4.894493e+01 1.081212e+06
-2.096685e+02 1.221800e+02 4.898293e+01 1.082052e+06
-2.096421e+02 1.220273e+02 4.892169e+01 1.080699e+06
-2.096166e+02 1.218942e+02 4.886835e+01 1.079521e+06
-2.095918e+02 1.214909e+02 4.870664e+01 1.075948e+06
-2.095669e+02 1.215974e+02 4.874934e+01 1.076892e+06
-2.095418e+02 1.218880e+02 4.886584e+01 1.079465e+06
-2.095167e+02 1.212787e+02 4.862159e+01 1.074070e+06
-2.094909e+02 1.211114e+02 4.855450e+01 1.072588e+06
-2.094645e+02 1.212411e+02 4.860649e+01 1.073736e+06
-2.094372e+02 1.212852e+02 4.862419e+01 1.074127e+06
-2.094087e+02 1.217259e+02 4.880089e+01 1.078030e+06
-2.093796e+02 1.211767e+02 4.858068e+01 1.073166e+06
-2.093498e+02 1.206644e+02 4.837531e+01 1.068629e+06
-2.093196e+02 1.207167e+02 4.839628e+01 1.069092e+06
-2.092886e+02 1.200105e+02 4.811314e+01 1.062838e+06
-2.092561e+02 1.199555e+02 4.809110e+01 1.062351e+06
-2.092226e+02 1.188991e+02 4.766759e+01 1.052995e+06
-2.091882e+02 1.186342e+02 4.756137e+01 1.050649e+06
-2.091529e+02 1.185377e+02 4.752270e+01 1.049795e+06
-2.091166e+02 1.181898e+02 4.738321e+01 1.046713e+06
-2.090798e+02 1.177319e+02 4.719962e+01 1.042658e+06
-2.090433e+02 1.179712e+02 4.729559e+01 1.044778e+06
-2.090068e+02 1.186015e+02 4.754829e+01 1.050360e+06
-2.089691e+02 1.192930e+02 4.782549e+01 1.056484e+06
-2.089306e+02 1.187596e+02 4.761164e+01 1.051759e+06
-2.088923e+02 1.194542e+02 4.789012e+01 1.057911e+06
-2.088544e+02 1.192243e+02 4.779797e+01 1.055875e+06
-2.088169e+02 1.183089e+02 4.743098e+01 1.047769e+06
-2.087797e+02 1.188179e+02 4.763503e+01 1.052276e+06
-2.087422e+02 1.192783e+02 4.781961e+01 1.056354e+06
-2.087041e+02 1.190501e+02 4.772811e+01 1.054332e+06
-2.086652e+02 1.193405e+02 4.784453e+01 1.056904e+06
-2.086260e+02 1.194661e+02 4.789490e+01 1.058017e+06
-2.085868e+02 1.197883e+02 4.802405e+01 1.060870e+06
-2.085469e+02 1.195180e+02 4.791571e+01 1.058476e+06
-2.085066e+02 1.184333e+02 4.748082e+01 1.048870e+06
-2.084649e+02 1.185370e+02 4.752243e+01 1.049789e+06
-2.084218e+02 1.190634e+02 4.773346e+01 1.054450e+06
-2.083782e+02 1.194706e+02 4.789671e+01 1.058057e+06
-2.083349e+02 1.188859e+02 4.766231e+01 1.052879e+06
-2.082924e+02 1.182501e+02 4.740739e+01 1.047248e+06
-2.082496e+02 1.184371e+02 4.748238e+01 1.048904e+06
-2.082052e+02 1.188076e+02 4.763092e+01 1.052185e+06
-2.081600e+02 1.186415e+02 4.756433e+01 1.050714e+06
-2.081157e+02 1.185664e+02 4.753421e+01 1.050049e+06
-2.080714e+02 1.180385e+02 4.732256e+01 1.045373e+06
-2.080268e+02 1.176590e+02 4.717042e+01 1.042013e+06
