#E_pot  E_kin  T  P
-2.450618e-04 6.610317e+02 2.650128e+02 7.317793e+02
-2.511936e-04 6.388868e+02 2.561347e+02 7.072643e+02
-2.600737e-04 6.453560e+02 2.587283e+02 7.144259e+02
-2.637571e-04 6.497120e+02 2.604747e+02 7.192481e+02
-2.695320e-04 6.757554e+02 2.709156e+02 7.480788e+02
-2.771641e-04 6.568140e+02 2.633219e+02 7.271102e+02
-2.895994e-04 7.016215e+02 2.812856e+02 7.767133e+02
-3.124130e-04 7.047383e+02 2.825351e+02 7.801637e+02
-3.389536e-04 7.197136e+02 2.885388e+02 7.967417e+02
-3.670190e-04 7.163702e+02 2.871984e+02 7.930404e+02
-3.948521e-04 7.312400e+02 2.931599e+02 8.095018e+02
-4.188994e-04 7.565417e+02 3.033035e+02 8.375114e+02
-4.492726e-04 7.499326e+02 3.006539e+02 8.301949e+02
-4.921310e-04 7.567815e+02 3.033996e+02 8.377768e+02
-5.259267e-04 7.290045e+02 2.922636e+02 8.070269e+02
-5.380135e-04 7.237053e+02 2.901392e+02 8.011607e+02
-5.467425e-04 6.954597e+02 2.788152e+02 7.698920e+02
-5.458461e-04 7.311538e+02 2.931253e+02 8.094063e+02
-5.383498e-04 7.528754e+02 3.018337e+02 8.334527e+02
-5.377356e-04 7.418369e+02 2.974082e+02 8.212328e+02
-5.339561e-04 7.094473e+02 2.844230e+02 7.853766e+02
-5.259889e-04 7.391044e+02 2.963128e+02 8.182078e+02
-5.251676e-04 7.639894e+02 3.062894e+02 8.457562e+02
-5.308144e-04 7.635986e+02 3.061327e+02 8.453235e+02
-5.394236e-04 7.173117e+02 2.875759e+02 7.940827e+02
-5.604783e-04 7.401996e+02 2.967518e+02 8.194202e+02
-5.691705e-04 7.203396e+02 2.887898e+02 7.974347e+02
-5.578987e-04 7.322371e+02 2.935596e+02 8.106055e+02
-5.352090e-04 6.806847e+02 2.728918e+02 7.535357e+02
-4.987314e-04 6.860059e+02 2.750252e+02 7.594264e+02
-4.499827e-04 7.476533e+02 2.997401e+02 8.276716e+02
-3.914565e-04 7.536421e+02 3.021410e+02 8.343015e+02
-3.528780e-04 7.329695e+02 2.938532e+02 8.114164e+02
-3.417257e-04 7.511814e+02 3.011545e+02 8.315774e+02
-3.340058e-04 7.128468e+02 2.857859e+02 7.891400e+02
-3.170070e-04 7.594116e+02 3.044541e+02 8.406884e+02
-2.967683e-04 7.848842e+02 3.146662e+02 8.688873e+02
-2.831272e-04 7.825647e+02 3.137363e+02 8.663195e+02
-2.772111e-04 7.536283e+02 3.021355e+02 8.342862e+02
-2.799320e-04 7.719841e+02 3.094945e+02 8.546065e+02
-2.894169e-04 7.127657e+02 2.857534e+02 7.890502e+02
-3.022759e-04 7.475524e+02 2.996996e+02 8.275600e+02
-3.192474e-04 6.943454e+02 2.783685e+02 7.686585e+02
-3.443635e-04 7.102294e+02 2.847365e+02 7.862424e+02
-3.813347e-04 7.130010e+02 2.858477e+02 7.893107e+02
-4.075896e-04 7.235350e+02 2.900709e+02 8.009721e+02
-4.368414e-04 7.323512e+02 2.936054e+02 8.107319e+02
-5.012874e-04 7.246106e+02 2.905021e+02 8.021628e+02
-5.687082e-04 7.048136e+02 2.825653e+02 7.802470e+02
-6.099911e-04 7.734154e+02 3.100683e+02 8.561910e+02
-6.577215e-04 7.370449e+02 2.954871e+02 8.159279e+02
-7.298746e-04 7.656284e+02 3.069464e+02 8.475706e+02
-8.263909e-04 7.518457e+02 3.014208e+02 8.323127e+02
-9.387526e-04 7.895253e+02 3.165269e+02 8.740251e+02
-1.066485e-03 8.014032e+02 3.212888e+02 8.871742e+02
-1.144002e-03 7.959558e+02 3.191049e+02 8.811438e+02
-1.118085e-03 7.742502e+02 3.104030e+02 8.571152e+02
-1.134485e-03 7.834056e+02 3.140735e+02 8.672504e+02
-1.286032e-03 7.380070e+02 2.958728e+02 8.169929e+02
-1.605296e-03 7.963023e+02 3.192438e+02 8.815274e+02
-2.170122e-03 7.576764e+02 3.037584e+02 8.387675e+02
-2.841073e-03 7.433534e+02 2.980162e+02 8.229116e+02
-3.446818e-03 7.429341e+02 2.978481e+02 8.224474e+02
-4.263658e-03 7.086691e+02 2.841110e+02 7.845152e+02
-5.310003e-03 6.829966e+02 2.738187e+02 7.560951e+02
-6.487521e-03 6.790893e+02 2.722522e+02 7.517695e+02
-7.852045e-03 6.857641e+02 2.749282e+02 7.591587e+02
-8.838967e-03 7.041854e+02 2.823134e+02 7.795516e+02
-9.241071e-03 7.103617e+02 2.847896e+02 7.863889e+02
-9.358485e-03 6.603931e+02 2.647568e+02 7.310723e+02
-9.777835e-03 6.804291e+02 2.727894e+02 7.532527e+02
-1.115886e-02 6.723337e+02 2.695439e+02 7.442909e+02
-1.339149e-02 6.857599e+02 2.749265e+02 7.591541e+02
-1.577693e-02 6.989555e+02 2.802167e+02 7.737619e+02
-1.723305e-02 6.940760e+02 2.782605e+02 7.683602e+02
-1.669884e-02 7.025561e+02 2.816603e+02 7.777479e+02
-1.636507e-02 7.331700e+02 2.939336e+02 8.116383e+02
-1.653342e-02 7.609532e+02 3.050721e+02 8.423950e+02
-1.502399e-02 7.727249e+02 3.097915e+02 8.554266e+02
-1.284374e-02 7.391164e+02 2.963176e+02 8.182211e+02
-1.071892e-02 7.156681e+02 2.869169e+02 7.922632e+02
-8.414160e-03 7.417549e+02 2.973754e+02 8.211420e+02
-6.390425e-03 7.126800e+02 2.857190e+02 7.889553e+02
-4.677600e-03 6.942701e+02 2.783384e+02 7.685751e+02
-3.402033e-03 7.128525e+02 2.857882e+02 7.891463e+02
-2.509363e-03 7.371596e+02 2.955331e+02 8.160548e+02
-1.899126e-03 7.857086e+02 3.149967e+02 8.697998e+02
-1.495326e-03 7.977696e+02 3.198321e+02 8.831517e+02
-1.173377e-03 7.361566e+02 2.951310e+02 8.149446e+02
-9.000499e-04 7.682014e+02 3.079780e+02 8.504189e+02
-7.573518e-04 7.494745e+02 3.004702e+02 8.296878e+02
-6.788711e-04 7.735914e+02 3.101389e+02 8.563859e+02
-6.227815e-04 7.637681e+02 3.062006e+02 8.455112e+02
-6.330003e-04 7.734660e+02 3.100886e+02 8.562470e+02
-6.602936e-04 7.994232e+02 3.204950e+02 8.849823e+02
-6.756176e-04 7.925590e+02 3.177431e+02 8.773834e+02
-7.272783e-04 7.827837e+02 3.138241e+02 8.665619e+02
-8.498320e-04 7.566462e+02 3.033454e+02 8.376270e+02
-9.965868e-04 7.539025e+02 3.022454e+02 8.345897e+02
-1.135777e-03 7.600105e+02 3.046942e+02 8.413515e+02
-1.287556e-03 7.517141e+02 3.013681e+02 8.321671e+02
-1.502533e-03 7.645625e+02 3.065191e+02 8.463906e+02
-1.768968e-03 8.016851e+02 3.214019e+02 8.874863e+02
-2.117284e-03 8.046651e+02 3.225966e+02 8.907852e+02
-2.696876e-03 8.205650e+02 3.289710e+02 9.083868e+02
-3.476697e-03 7.874535e+02 3.156963e+02 8.717316e+02
-4.434140e-03 7.699253e+02 3.086691e+02 8.523274e+02
-5.303507e-03 7.799898e+02 3.127040e+02 8.634690e+02
-5.872716e-03 8.069495e+02 3.235124e+02 8.933141e+02
-6.298008e-03 7.549190e+02 3.026530e+02 8.357150e+02
-7.254465e-03 7.417561e+02 2.973758e+02 8.211433e+02
-8.398375e-03 7.379428e+02 2.958471e+02 8.169219e+02
-8.394562e-03 7.229746e+02 2.898462e+02 8.003518e+02
-7.090567e-03 7.153791e+02 2.868011e+02 7.919433e+02
-5.626770e-03 7.353587e+02 2.948111e+02 8.140613e+02
-4.664435e-03 7.479490e+02 2.998586e+02 8.279990e+02
-4.201047e-03 7.383265e+02 2.960009e+02 8.173467e+02
-3.903475e-03 7.447743e+02 2.985859e+02 8.244846e+02
-3.452147e-03 7.440056e+02 2.982777e+02 8.236336e+02
-3.016722e-03 7.465895e+02 2.993136e+02 8.264940e+02
-2.888762e-03 7.255745e+02 2.908885e+02 8.032299e+02
-3.259885e-03 7.467554e+02 2.993801e+02 8.266777e+02
-4.053992e-03 7.436585e+02 2.981385e+02 8.232493e+02
-5.228314e-03 7.197516e+02 2.885541e+02 7.967838e+02
-7.057058e-03 6.800834e+02 2.726508e+02 7.528701e+02
-9.683776e-03 7.016211e+02 2.812854e+02 7.767128e+02
-1.411535e-02 6.807731e+02 2.729273e+02 7.536336e+02
-2.241531e-02 6.692815e+02 2.683202e+02 7.409120e+02
-3.485140e-02 6.516047e+02 2.612334e+02 7.213433e+02
-5.232076e-02 6.800226e+02 2.726264e+02 7.528027e+02
-7.875795e-02 7.130289e+02 2.858589e+02 7.893416e+02
-1.110842e-01 7.486282e+02 3.001309e+02 8.287510e+02
-1.485828e-01 7.483768e+02 3.000301e+02 8.284726e+02
-1.945896e-01 7.090895e+02 2.842795e+02 7.849805e+02
-2.576167e-01 7.268028e+02 2.913810e+02 8.045897e+02
-3.374796e-01 7.298720e+02 2.926114e+02 8.079873e+02
-4.897952e-01 7.182692e+02 2.879598e+02 7.951428e+02
-7.650524e-01 7.333206e+02 2.939940e+02 8.118050e+02
-9.807367e-01 7.330613e+02 2.938900e+02 8.115179e+02
-9.326283e-01 7.318118e+02 2.933891e+02 8.101348e+02
-9.735193e-01 7.333231e+02 2.939950e+02 8.118078e+02
-9.375869e-01 7.942455e+02 3.184193e+02 8.792505e+02
-7.369363e-01 7.655052e+02 3.068971e+02 8.474342e+02
-5.297405e-01 7.350467e+02 2.946860e+02 8.137158e+02
-3.430132e-01 7.546436e+02 3.025426e+02 8.354102e+02
-1.913995e-01 7.425527e+02 2.976952e+02 8.220252e+02
-1.098396e-01 7.494308e+02 3.004527e+02 8.296394e+02
-6.267951e-02 7.601010e+02 3.047304e+02 8.414516e+02
-3.489597e-02 7.552634e+02 3.027910e+02 8.360962e+02
-2.234596e-02 7.572945e+02 3.036053e+02 8.383447e+02
-1.765684e-02 8.020052e+02 3.215302e+02 8.878406e+02
-1.521090e-02 8.374635e+02 3.357457e+02 9.270939e+02
-1.368817e-02 8.075749e+02 3.237631e+02 8.940065e+02
-1.164461e-02 8.116141e+02 3.253825e+02 8.984779e+02
-9.713182e-03 7.353392e+02 2.948032e+02 8.140396e+02
-8.455510e-03 7.452537e+02 2.987781e+02 8.250152e+02
-6.837028e-03 7.771623e+02 3.115705e+02 8.603389e+02
-5.136549e-03 7.502864e+02 3.007957e+02 8.305866e+02
-3.860061e-03 7.531038e+02 3.019252e+02 8.337056e+02
-3.301028e-03 7.193746e+02 2.884029e+02 7.963664e+02
-3.034311e-03 6.738516e+02 2.701524e+02 7.459713e+02
-2.766684e-03 6.614436e+02 2.651779e+02 7.322352e+02
-2.416756e-03 6.857424e+02 2.749195e+02 7.591347e+02
-2.117995e-03 6.987547e+02 2.801362e+02 7.735396e+02
-1.929618e-03 7.596142e+02 3.045353e+02 8.409127e+02
-1.856559e-03 7.205945e+02 2.888920e+02 7.977169e+02
-1.812530e-03 7.030602e+02 2.818624e+02 7.783060e+02
-1.704707e-03 7.130927e+02 2.858845e+02 7.894122e+02
-1.619926e-03 6.831564e+02 2.738828e+02 7.562720e+02
-1.464002e-03 6.733596e+02 2.699552e+02 7.454267e+02
-1.303630e-03 6.683245e+02 2.679365e+02 7.398527e+02
-1.229670e-03 6.783729e+02 2.719650e+02 7.509765e+02
-1.265049e-03 7.061542e+02 2.831028e+02 7.817311e+02
-1.423746e-03 6.936073e+02 2.780726e+02 7.678414e+02
-1.671505e-03 6.719598e+02 2.693940e+02 7.438771e+02
-1.955040e-03 7.022219e+02 2.815263e+02 7.773779e+02
-2.194129e-03 7.356074e+02 2.949108e+02 8.143365e+02
-2.274953e-03 7.065186e+02 2.832488e+02 7.821345e+02
-2.292941e-03 6.961752e+02 2.791021e+02 7.706841e+02
-2.364539e-03 7.357592e+02 2.949716e+02 8.145046e+02
-2.517430e-03 7.387154e+02 2.961568e+02 8.177772e+02
-2.736404e-03 7.936940e+02 3.181982e+02 8.786400e+02
-3.018341e-03 7.964609e+02 3.193074e+02 8.817030e+02
-3.380494e-03 7.817946e+02 3.134276e+02 8.654669e+02
-3.470064e-03 7.663647e+02 3.072416e+02 8.483857e+02
-3.306016e-03 8.437271e+02 3.382568e+02 9.340279e+02
-3.172359e-03 7.865475e+02 3.153331e+02 8.707286e+02
-3.097857e-03 7.666526e+02 3.073570e+02 8.487044e+02
-3.107357e-03 7.814998e+02 3.133094e+02 8.651407e+02
-3.203710e-03 7.742353e+02 3.103970e+02 8.570986e+02
-3.382676e-03 7.608103e+02 3.050148e+02 8.422368e+02
-3.399694e-03 7.504554e+02 3.008634e+02 8.307736e+02
-3.060517e-03 7.834914e+02 3.141078e+02 8.673454e+02
-2.728620e-03 7.640641e+02 3.063193e+02 8.458388e+02
-2.596307e-03 8.046767e+02 3.226012e+02 8.907980e+02
-2.425652e-03 8.037212e+02 3.222181e+02 8.897403e+02
-2.254693e-03 7.803650e+02 3.128545e+02 8.638844e+02
-2.429125e-03 7.803756e+02 3.128587e+02 8.638961e+02
-2.947906e-03 7.547768e+02 3.025959e+02 8.355576e+02
-3.561685e-03 7.143085e+02 2.863719e+02 7.907581e+02
-4.073833e-03 6.995376e+02 2.804501e+02 7.744064e+02
-4.419572e-03 6.862751e+02 2.751331e+02 7.597244e+02
-4.957712e-03 7.095558e+02 2.844665e+02 7.854968e+02
-6.052003e-03 6.990409e+02 2.802510e+02 7.738565e+02
-7.384382e-03 7.187889e+02 2.881681e+02 7.957180e+02
-8.612004e-03 7.474978e+02 2.996777e+02 8.274996e+02
-9.527763e-03 7.653331e+02 3.068281e+02 8.472437e+02
-1.078300e-02 7.472166e+02 2.995650e+02 8.271882e+02
-1.368841e-02 7.829267e+02 3.138815e+02 8.667202e+02
-1.949855e-02 7.996953e+02 3.206041e+02 8.852836e+02
-2.938965e-02 8.109643e+02 3.251219e+02 8.977586e+02
-4.358436e-02 7.840803e+02 3.143439e+02 8.679973e+02
-6.455965e-02 7.785695e+02 3.121346e+02 8.618967e+02
-8.685752e-02 7.439002e+02 2.982354e+02 8.235169e+02
-9.046461e-02 7.593181e+02 3.044166e+02 8.405849e+02
-7.819584e-02 7.463364e+02 2.992121e+02 8.262139e+02
-6.254915e-02 7.253341e+02 2.907921e+02 8.029638e+02
-4.772348e-02 7.324907e+02 2.936613e+02 8.108863e+02
-3.567908e-02 7.312030e+02 2.931450e+02 8.094607e+02
-2.688468e-02 7.294070e+02 2.924250e+02 8.074726e+02
-2.082977e-02 7.577662e+02 3.037944e+02 8.388669e+02
-1.739722e-02 7.393913e+02 2.964278e+02 8.185255e+02
-1.550111e-02 7.261080e+02 2.911024e+02 8.038204e+02
-1.426342e-02 7.182148e+02 2.879379e+02 7.950825e+02
-1.359122e-02 6.984468e+02 2.800128e+02 7.731988e+02
-1.351034e-02 7.210810e+02 2.890870e+02 7.982554e+02
-1.407215e-02 7.165479e+02 2.872697e+02 7.932372e+02
-1.518662e-02 7.036998e+02 2.821188e+02 7.790140e+02
-1.692649e-02 7.154454e+02 2.868277e+02 7.920167e+02
-1.723281e-02 7.087999e+02 2.841634e+02 7.846599e+02
-1.544873e-02 6.800424e+02 2.726343e+02 7.528246e+02
-1.297007e-02 6.898076e+02 2.765493e+02 7.636350e+02
-9.774254e-03 6.938506e+02 2.781701e+02 7.681106e+02
-7.067430e-03 6.601199e+02 2.646473e+02 7.307700e+02
-5.200934e-03 6.586264e+02 2.640485e+02 7.291165e+02
-4.100486e-03 7.049130e+02 2.826051e+02 7.803570e+02
-3.636332e-03 7.024234e+02 2.816070e+02 7.776010e+02
-3.528476e-03 7.235680e+02 2.900841e+02 8.010087e+02
-3.533774e-03 7.199749e+02 2.886436e+02 7.970309e+02
-3.782803e-03 7.108431e+02 2.849826e+02 7.869218e+02
-4.262762e-03 7.017263e+02 2.813276e+02 7.768292e+02
-4.692327e-03 7.202789e+02 2.887655e+02 7.973675e+02
-5.271469e-03 7.210868e+02 2.890894e+02 7.982619e+02
-6.010333e-03 7.138161e+02 2.861745e+02 7.902130e+02
-6.994892e-03 7.370861e+02 2.955036e+02 8.159736e+02
-9.019698e-03 7.920472e+02 3.175379e+02 8.768168e+02
-1.209512e-02 7.590048e+02 3.042910e+02 8.402381e+02
-1.569090e-02 8.410007e+02 3.371638e+02 9.310096e+02
-2.026920e-02 8.158261e+02 3.270711e+02 9.031407e+02
-2.720296e-02 7.799007e+02 3.126683e+02 8.633704e+02
-3.599531e-02 7.615208e+02 3.052997e+02 8.430234e+02
-4.561840e-02 7.868176e+02 3.154414e+02 8.710276e+02
-5.778576e-02 8.040901e+02 3.223660e+02 8.901487e+02
-6.758840e-02 8.320241e+02 3.335650e+02 9.210724e+02
-7.522194e-02 8.243337e+02 3.304819e+02 9.125589e+02
-8.309978e-02 7.887575e+02 3.162191e+02 8.731750e+02
-9.583203e-02 7.884019e+02 3.160765e+02 8.727814e+02
-1.252679e-01 7.879598e+02 3.158993e+02 8.722920e+02
-1.424642e-01 8.134521e+02 3.261193e+02 9.005127e+02
-1.355766e-01 7.935511e+02 3.181409e+02 8.784818e+02
-1.119935e-01 7.423955e+02 2.976322e+02 8.218512e+02
-8.208464e-02 7.377443e+02 2.957675e+02 8.167022e+02
-5.892313e-02 7.422427e+02 2.975709e+02 8.216820e+02
-4.160108e-02 7.332724e+02 2.939747e+02 8.117517e+02
-2.868531e-02 7.756998e+02 3.109841e+02 8.587199e+02
-1.991693e-02 7.633602e+02 3.060371e+02 8.450596e+02
-1.362339e-02 7.850469e+02 3.147315e+02 8.690673e+02
-8.877545e-03 8.038227e+02 3.222588e+02 8.898527e+02
-5.597680e-03 7.692677e+02 3.084055e+02 8.515994e+02
-3.785202e-03 7.405566e+02 2.968950e+02 8.198155e+02
-2.887486e-03 7.239222e+02 2.902261e+02 8.014007e+02
-2.198188e-03 7.536524e+02 3.021452e+02 8.343129e+02
-1.570520e-03 7.291511e+02 2.923224e+02 8.071892e+02
-1.125464e-03 7.690064e+02 3.083007e+02 8.513101e+02
-8.452623e-04 7.462713e+02 2.991860e+02 8.261417e+02
-6.288639e-04 7.401504e+02 2.967321e+02 8.193658e+02
-4.610639e-04 7.778076e+02 3.118292e+02 8.610533e+02
-3.508208e-04 7.862657e+02 3.152201e+02 8.704166e+02
-2.834385e-04 8.089379e+02 3.243096e+02 8.955153e+02
-2.421406e-04 8.010438e+02 3.211447e+02 8.867763e+02
-2.109516e-04 8.036997e+02 3.222095e+02 8.897165e+02
-1.889290e-04 8.065436e+02 3.233497e+02 8.928648e+02
-1.768876e-04 8.064740e+02 3.233218e+02 8.927877e+02
-1.678576e-04 8.126951e+02 3.258158e+02 8.996746e+02
-1.641415e-04 8.161622e+02 3.272059e+02 9.035129e+02
-1.668894e-04 8.332807e+02 3.340688e+02 9.224634e+02
-1.684586e-04 7.821215e+02 3.135586e+02 8.658289e+02
-1.664449e-04 8.043427e+02 3.224673e+02 8.904283e+02
-1.688977e-04 8.007995e+02 3.210468e+02 8.865059e+02
-1.778783e-04 7.945459e+02 3.185397e+02 8.795831e+02
-1.889437e-04 7.666970e+02 3.073749e+02 8.487536e+02
-1.914632e-04 7.639866e+02 3.062882e+02 8.457531e+02
-1.899327e-04 7.419283e+02 2.974449e+02 8.213340e+02
-1.869415e-04 7.505051e+02 3.008834e+02 8.308287e+02
-1.710956e-04 7.386025e+02 2.961116e+02 8.176523e+02
-1.547313e-04 7.690339e+02 3.083117e+02 8.513405e+02
-1.457568e-04 7.902432e+02 3.168147e+02 8.748198e+02
-1.399889e-04 7.414258e+02 2.972434e+02 8.207777e+02
-1.354424e-04 7.230058e+02 2.898587e+02 8.003863e+02
-1.315443e-04 7.200099e+02 2.886576e+02 7.970697e+02
-1.257082e-04 7.601095e+02 3.047338e+02 8.414610e+02
-1.173056e-04 7.756656e+02 3.109704e+02 8.586820e+02
-1.116875e-04 7.941613e+02 3.183855e+02 8.791572e+02
-1.111101e-04 8.238038e+02 3.302694e+02 9.119722e+02
-1.124159e-04 7.923394e+02 3.176551e+02 8.771403e+02
-1.130648e-04 7.858298e+02 3.150453e+02 8.699341e+02
-1.122391e-04 7.799928e+02 3.127052e+02 8.634723e+02
-1.091707e-04 7.853945e+02 3.148708e+02 8.694522e+02
-1.048810e-04 7.699289e+02 3.086706e+02 8.523314e+02
-1.016593e-04 7.734232e+02 3.100714e+02 8.561996e+02
-1.008533e-04 7.704294e+02 3.088712e+02 8.528854e+02
-1.032583e-04 7.783681e+02 3.120539e+02 8.616738e+02
-1.096116e-04 8.037024e+02 3.222106e+02 8.897195e+02
-1.180934e-04 7.383082e+02 2.959936e+02 8.173264e+02
-1.254806e-04 7.465747e+02 2.993077e+02 8.264777e+02
-1.330924e-04 7.428825e+02 2.978274e+02 8.223903e+02
-1.396918e-04 7.347216e+02 2.945556e+02 8.133559e+02
-1.439126e-04 7.424569e+02 2.976568e+02 8.219191e+02
-1.497979e-04 7.582931e+02 3.040057e+02 8.394502e+02
-1.485573e-04 7.058732e+02 2.829901e+02 7.814200e+02
-1.380710e-04 7.568756e+02 3.034374e+02 8.378810e+02
-1.261942e-04 7.348271e+02 2.945979e+02 8.134727e+02
-1.147895e-04 7.036471e+02 2.820976e+02 7.789556e+02
-1.020492e-04 6.998700e+02 2.805834e+02 7.747743e+02
-8.625801e-05 7.318757e+02 2.934147e+02 8.102054e+02
-7.384638e-05 7.137553e+02 2.861501e+02 7.901458e+02
-6.714236e-05 6.899708e+02 2.766147e+02 7.638156e+02
-6.364346e-05 6.867026e+02 2.753045e+02 7.601977e+02
-6.108084e-05 7.078523e+02 2.837836e+02 7.836110e+02
-5.859132e-05 7.120633e+02 2.854718e+02 7.882726e+02
-5.602613e-05 7.107763e+02 2.849558e+02 7.868478e+02
-5.405248e-05 7.044166e+02 2.824062e+02 7.798076e+02
-5.194858e-05 6.840516e+02 2.742417e+02 7.572630e+02
-4.942997e-05 7.091499e+02 2.843038e+02 7.850474e+02
-4.748666e-05 7.382477e+02 2.959693e+02 8.172595e+02
-4.629559e-05 7.258441e+02 2.909966e+02 8.035284e+02
-4.595508e-05 7.425218e+02 2.976828e+02 8.219910e+02
-4.556408e-05 7.675574e+02 3.077198e+02 8.497060e+02
-4.568493e-05 7.617315e+02 3.053842e+02 8.432567e+02
-4.766121e-05 7.098435e+02 2.845818e+02 7.858153e+02
-5.058419e-05 7.044517e+02 2.824202e+02 7.798464e+02
-5.291198e-05 7.068165e+02 2.833683e+02 7.824643e+02
-5.481018e-05 7.328497e+02 2.938052e+02 8.112837e+02
-5.596498e-05 7.062381e+02 2.831364e+02 7.818239e+02
-5.552858e-05 7.079046e+02 2.838045e+02 7.836688e+02
-5.553489e-05 7.230485e+02 2.898758e+02 8.004336e+02
-5.647168e-05 7.496516e+02 3.005412e+02 8.298839e+02
-5.781013e-05 7.015799e+02 2.812689e+02 7.766672e+02
-5.952186e-05 7.420723e+02 2.975026e+02 8.214934e+02
-6.060951e-05 7.667990e+02 3.074157e+02 8.488664e+02
-6.199258e-05 8.211892e+02 3.292212e+02 9.090778e+02
-6.315847e-05 8.186772e+02 3.282141e+02 9.062969e+02
-6.284875e-05 8.008248e+02 3.210570e+02 8.865339e+02
-6.269184e-05 7.528909e+02 3.018399e+02 8.334698e+02
-6.260223e-05 7.111591e+02 2.851093e+02 7.872716e+02
-6.152997e-05 7.022371e+02 2.815324e+02 7.773948e+02
-6.099313e-05 7.324280e+02 2.936361e+02 8.108169e+02
-6.096828e-05 7.285457e+02 2.920797e+02 8.065190e+02
-6.022164e-05 7.402405e+02 2.967682e+02 8.194655e+02
-5.965297e-05 7.458570e+02 2.990199e+02 8.256832e+02
-5.899039e-05 7.343202e+02 2.943947e+02 8.129116e+02
-5.801105e-05 7.138363e+02 2.861826e+02 7.902354e+02
-5.744818e-05 7.246797e+02 2.905298e+02 8.022393e+02
-5.742449e-05 7.163390e+02 2.871859e+02 7.930060e+02
-5.812882e-05 7.386195e+02 2.961183e+02 8.176710e+02
-5.937634e-05 7.535244e+02 3.020938e+02 8.341711e+02
-6.034268e-05 7.372860e+02 2.955838e+02 8.161949e+02
-6.123117e-05 7.003421e+02 2.807727e+02 7.752970e+02
-6.197719e-05 7.011328e+02 2.810896e+02 7.761723e+02
-6.315938e-05 6.982737e+02 2.799434e+02 7.730071e+02
-6.629519e-05 6.928760e+02 2.777794e+02 7.670318e+02
-6.994405e-05 7.303836e+02 2.928165e+02 8.085537e+02
-7.221058e-05 7.262545e+02 2.911611e+02 8.039826e+02
-7.214910e-05 7.419677e+02 2.974607e+02 8.213776e+02
-7.108461e-05 7.287373e+02 2.921565e+02 8.067312e+02
-7.017772e-05 7.130760e+02 2.858777e+02 7.893937e+02
-7.049867e-05 7.183693e+02 2.879999e+02 7.952535e+02
-7.229181e-05 7.456469e+02 2.989357e+02 8.254505e+02
-7.449280e-05 7.786297e+02 3.121587e+02 8.619633e+02
-7.646933e-05 7.925285e+02 3.177309e+02 8.773496e+02
-7.911712e-05 7.733958e+02 3.100604e+02 8.561693e+02
-8.402443e-05 7.866479e+02 3.153733e+02 8.708398e+02
-8.981601e-05 7.555487e+02 3.029054e+02 8.364121e+02
-9.586871e-05 7.347512e+02 2.945675e+02 8.133887e+02
-1.031209e-04 7.037071e+02 2.821217e+02 7.790221e+02
-1.122592e-04 7.195829e+02 2.884864e+02 7.965970e+02
-1.199062e-04 7.247111e+02 2.905423e+02 8.022740e+02
-1.258264e-04 7.216018e+02 2.892958e+02 7.988320e+02
-1.344151e-04 7.194300e+02 2.884251e+02 7.964277e+02
-1.429762e-04 7.188195e+02 2.881804e+02 7.957519e+02
-1.511287e-04 6.773836e+02 2.715684e+02 7.498813e+02
-1.572023e-04 6.995805e+02 2.804673e+02 7.744539e+02
-1.625522e-04 7.129547e+02 2.858291e+02 7.892594e+02
-1.705415e-04 6.951739e+02 2.787007e+02 7.695756e+02
-1.758833e-04 6.629033e+02 2.657631e+02 7.338512e+02
-1.874729e-04 6.733035e+02 2.699326e+02 7.453645e+02
-2.001355e-04 6.837646e+02 2.741266e+02 7.569452e+02
-2.013087e-04 7.064354e+02 2.832155e+02 7.820423e+02
-1.949318e-04 7.159952e+02 2.870481e+02 7.926254e+02
-1.837196e-04 7.332846e+02 2.939795e+02 8.117651e+02
-1.756010e-04 7.577054e+02 3.037701e+02 8.387996e+02
-1.757648e-04 7.571030e+02 3.035285e+02 8.381327e+02
-1.779123e-04 7.063703e+02 2.831894e+02 7.819704e+02
-1.765404e-04 7.272580e+02 2.915635e+02 8.050936e+02
-1.723144e-04 7.222281e+02 2.895469e+02 7.995253e+02
-1.667001e-04 6.895406e+02 2.764422e+02 7.633394e+02
-1.629285e-04 6.863651e+02 2.751692e+02 7.598240e+02
-1.605819e-04 6.673234e+02 2.675352e+02 7.387444e+02
-1.574398e-04 7.110936e+02 2.850830e+02 7.871991e+02
-1.546103e-04 7.451249e+02 2.987264e+02 8.248727e+02
-1.488411e-04 7.353127e+02 2.947926e+02 8.140103e+02
-1.388924e-04 7.470116e+02 2.994828e+02 8.269612e+02
-1.281532e-04 7.203537e+02 2.887955e+02 7.974503e+02
-1.177967e-04 7.437345e+02 2.981690e+02 8.233334e+02
-1.096477e-04 7.381890e+02 2.959458e+02 8.171944e+02
-1.036749e-04 7.327006e+02 2.937454e+02 8.111187e+02
-9.880409e-05 7.510838e+02 3.011154e+02 8.314693e+02
-9.525965e-05 7.373908e+02 2.956258e+02 8.163108e+02
-9.160491e-05 7.556182e+02 3.029333e+02 8.364891e+02
-8.842160e-05 7.463272e+02 2.992084e+02 8.262037e+02
-8.733490e-05 7.415289e+02 2.972847e+02 8.208918e+02
-8.761702e-05 7.306471e+02 2.929222e+02 8.088454e+02
-8.940237e-05 7.470377e+02 2.994933e+02 8.269902e+02
-9.306979e-05 7.586461e+02 3.041472e+02 8.398410e+02
-9.799524e-05 7.390153e+02 2.962770e+02 8.181092e+02
-1.048492e-04 7.620214e+02 3.055004e+02 8.435775e+02
-1.127008e-04 7.085497e+02 2.840631e+02 7.843830e+02
-1.200744e-04 7.286793e+02 2.921332e+02 8.066670e+02
-1.272094e-04 7.007589e+02 2.809397e+02 7.757583e+02
-1.319164e-04 7.040933e+02 2.822765e+02 7.794496e+02
-1.359397e-04 6.966195e+02 2.792802e+02 7.711759e+02
-1.406544e-04 7.404582e+02 2.968555e+02 8.197066e+02
-1.435151e-04 7.404026e+02 2.968332e+02 8.196450e+02
-1.454498e-04 7.344488e+02 2.944463e+02 8.130540e+02
-1.473765e-04 7.453485e+02 2.988161e+02 8.251202e+02
-1.489478e-04 6.913761e+02 2.771781e+02 7.653714e+02
-1.541264e-04 6.808302e+02 2.729502e+02 7.536968e+02
-1.654888e-04 6.945891e+02 2.784662e+02 7.689283e+02
-1.793196e-04 7.195240e+02 2.884628e+02 7.965318e+02
-1.886564e-04 7.444049e+02 2.984378e+02 8.240756e+02
-1.955625e-04 7.615610e+02 3.053158e+02 8.430679e+02
-2.070695e-04 7.839948e+02 3.143097e+02 8.679027e+02
-2.253848e-04 7.781106e+02 3.119506e+02 8.613887e+02
-2.486654e-04 7.505262e+02 3.008919e+02 8.308521e+02
-2.719274e-04 7.966310e+02 3.193756e+02 8.818913e+02
-2.981317e-04 8.010039e+02 3.211288e+02 8.867322e+02
-3.212026e-04 7.787895e+02 3.122228e+02 8.621402e+02
-3.265461e-04 7.484862e+02 3.000740e+02 8.285937e+02
-3.267486e-04 7.007387e+02 2.809317e+02 7.757360e+02
-3.334669e-04 7.384128e+02 2.960355e+02 8.174422e+02
-3.480497e-04 7.258800e+02 2.910110e+02 8.035681e+02
-3.649413e-04 7.297988e+02 2.925821e+02 8.079063e+02
-3.795296e-04 7.712382e+02 3.091954e+02 8.537808e+02
-3.935882e-04 8.027680e+02 3.218360e+02 8.886851e+02
-4.044882e-04 7.910349e+02 3.171321e+02 8.756963e+02
-4.291628e-04 7.815522e+02 3.133304e+02 8.651987e+02
-4.647269e-04 7.410832e+02 2.971061e+02 8.203984e+02
-4.934408e-04 7.192105e+02 2.883371e+02 7.961848e+02
-5.247059e-04 7.091145e+02 2.842896e+02 7.850082e+02
-5.790014e-04 7.370289e+02 2.954807e+02 8.159101e+02
-6.790849e-04 7.566575e+02 3.033499e+02 8.376396e+02
-8.226676e-04 7.381019e+02 2.959108e+02 8.170980e+02
-9.887745e-04 7.392589e+02 2.963747e+02 8.183789e+02
-1.139832e-03 7.199670e+02 2.886404e+02 7.970222e+02
-1.291153e-03 6.976429e+02 2.796905e+02 7.723089e+02
-1.439341e-03 6.628029e+02 2.657229e+02 7.337401e+02
-1.473764e-03 6.976850e+02 2.797074e+02 7.723555e+02
-1.361098e-03 6.927856e+02 2.777432e+02 7.669317e+02
-1.193918e-03 6.652969e+02 2.667227e+02 7.365010e+02
-1.047188e-03 7.104841e+02 2.848387e+02 7.865244e+02
-9.221245e-04 6.955273e+02 2.788424e+02 7.699668e+02
-8.397090e-04 6.761632e+02 2.710791e+02 7.485303e+02
-7.967793e-04 6.734774e+02 2.700024e+02 7.455571e+02
-7.670777e-04 6.761745e+02 2.710837e+02 7.485428e+02
-7.306220e-04 6.850642e+02 2.746476e+02 7.583839e+02
-6.622320e-04 7.313458e+02 2.932023e+02 8.096189e+02
-5.945397e-04 7.503396e+02 3.008170e+02 8.306455e+02
-5.507939e-04 7.547525e+02 3.025862e+02 8.355306e+02
-5.337275e-04 7.751013e+02 3.107442e+02 8.580573e+02
-5.406767e-04 7.369905e+02 2.954653e+02 8.158677e+02
-5.773021e-04 7.362164e+02 2.951549e+02 8.150107e+02
-6.466473e-04 7.482133e+02 2.999646e+02 8.282916e+02
-7.348597e-04 7.331983e+02 2.939450e+02 8.116696e+02
-8.360688e-04 7.206653e+02 2.889204e+02 7.977953e+02
-9.219894e-04 6.954787e+02 2.788229e+02 7.699131e+02
-1.002736e-03 7.302978e+02 2.927821e+02 8.084587e+02
-1.118572e-03 7.432964e+02 2.979933e+02 8.228484e+02
-1.262970e-03 7.753249e+02 3.108338e+02 8.583049e+02
-1.421675e-03 7.693516e+02 3.084391e+02 8.516923e+02
-1.623891e-03 7.483768e+02 3.000301e+02 8.284726e+02
-1.846882e-03 7.253105e+02 2.907827e+02 8.029376e+02
-1.949726e-03 7.310548e+02 2.930856e+02 8.092967e+02
-1.984483e-03 7.457910e+02 2.989935e+02 8.256100e+02
-2.069363e-03 7.077082e+02 2.837258e+02 7.834514e+02
-2.105713e-03 7.245942e+02 2.904955e+02 8.021447e+02
-2.037310e-03 7.042785e+02 2.823508e+02 7.796547e+02
-1.888243e-03 7.373908e+02 2.956258e+02 8.163108e+02
-1.660257e-03 7.338868e+02 2.942210e+02 8.124318e+02
-1.370901e-03 7.225879e+02 2.896912e+02 7.999236e+02
-1.163915e-03 7.312933e+02 2.931812e+02 8.095607e+02
-1.060010e-03 7.374372e+02 2.956444e+02 8.163622e+02
-9.926141e-04 7.574267e+02 3.036583e+02 8.384910e+02
-9.775602e-04 7.350330e+02 2.946805e+02 8.137007e+02
-9.893664e-04 7.700896e+02 3.087349e+02 8.525092e+02
-9.759362e-04 8.159595e+02 3.271246e+02 9.032885e+02
-9.774400e-04 8.313258e+02 3.332850e+02 9.202993e+02
-1.034652e-03 8.294456e+02 3.325312e+02 9.182178e+02
-1.140132e-03 8.093785e+02 3.244862e+02 8.960031e+02
-1.240214e-03 8.108298e+02 3.250680e+02 8.976097e+02
-1.295341e-03 8.310832e+02 3.331878e+02 9.200307e+02
-1.286962e-03 8.109382e+02 3.251115e+02 8.977297e+02
-1.253530e-03 8.361861e+02 3.352336e+02 9.256798e+02
-1.223870e-03 8.066780e+02 3.234035e+02 8.930135e+02
-1.132929e-03 7.854100e+02 3.148770e+02 8.694693e+02
-1.026507e-03 8.005058e+02 3.209291e+02 8.861808e+02
-9.438516e-04 7.568967e+02 3.034458e+02 8.379044e+02
-8.274381e-04 7.535278e+02 3.020952e+02 8.341749e+02
-7.324666e-04 7.915102e+02 3.173227e+02 8.762224e+02
-7.002569e-04 7.822741e+02 3.136198e+02 8.659978e+02
-6.829238e-04 7.501904e+02 3.007572e+02 8.304803e+02
-6.348617e-04 7.016288e+02 2.812885e+02 7.767213e+02
-5.476136e-04 7.224972e+02 2.896548e+02 7.998232e+02
-4.768551e-04 7.436758e+02 2.981455e+02 8.232685e+02
-4.291711e-04 7.531868e+02 3.019585e+02 8.337974e+02
-3.725913e-04 7.769423e+02 3.114823e+02 8.600953e+02
-3.309132e-04 7.507439e+02 3.009791e+02 8.310931e+02
-3.041569e-04 7.173204e+02 2.875794e+02 7.940923e+02
-2.795186e-04 7.487452e+02 3.001778e+02 8.288804e+02
-2.634604e-04 7.520041e+02 3.014843e+02 8.324881e+02
-2.595034e-04 7.748939e+02 3.106610e+02 8.578277e+02
-2.694347e-04 7.696644e+02 3.085645e+02 8.520386e+02
-2.866106e-04 7.520123e+02 3.014876e+02 8.324972e+02
-3.034159e-04 7.380517e+02 2.958907e+02 8.170424e+02
-3.229660e-04 7.373114e+02 2.955939e+02 8.162230e+02
-3.416109e-04 7.694531e+02 3.084798e+02 8.518046e+02
-3.574943e-04 7.578817e+02 3.038407e+02 8.389948e+02
-3.882940e-04 7.335117e+02 2.940706e+02 8.120166e+02
-4.338318e-04 7.116637e+02 2.853116e+02 7.878303e+02
-4.733099e-04 6.968351e+02 2.793667e+02 7.714146e+02
-4.972699e-04 7.203459e+02 2.887923e+02 7.974417e+02
-5.084800e-04 7.220922e+02 2.894924e+02 7.993749e+02
-4.968995e-04 7.331620e+02 2.939304e+02 8.116294e+02
-4.735442e-04 7.660248e+02 3.071054e+02 8.480094e+02
-4.506940e-04 7.669767e+02 3.074870e+02 8.490632e+02
-4.185609e-04 7.908085e+02 3.170413e+02 8.754456e+02
-3.785555e-04 7.771484e+02 3.115649e+02 8.603235e+02
-3.551835e-04 7.959407e+02 3.190989e+02 8.811271e+02
-3.480318e-04 7.708022e+02 3.090206e+02 8.532981e+02
-3.456772e-04 7.446189e+02 2.985236e+02 8.243126e+02
-3.397319e-04 7.307938e+02 2.929810e+02 8.090077e+02
-3.095098e-04 7.732959e+02 3.100204e+02 8.560587e+02
-2.789715e-04 7.537437e+02 3.021818e+02 8.344139e+02
-2.530955e-04 7.605114e+02 3.048950e+02 8.419059e+02
-2.262709e-04 7.590700e+02 3.043171e+02 8.403103e+02
-2.023525e-04 8.251737e+02 3.308186e+02 9.134887e+02
-1.818768e-04 7.996990e+02 3.206056e+02 8.852876e+02
-1.708702e-04 8.097855e+02 3.246493e+02 8.964536e+02
-1.636527e-04 8.130763e+02 3.259687e+02 9.000966e+02
-1.591600e-04 7.458221e+02 2.990059e+02 8.256445e+02
-1.565013e-04 7.500297e+02 3.006928e+02 8.303024e+02
-1.499522e-04 7.725357e+02 3.097156e+02 8.552172e+02
-1.405470e-04 7.454040e+02 2.988383e+02 8.251817e+02
-1.327034e-04 7.678576e+02 3.078402e+02 8.500384e+02
-1.260853e-04 7.998450e+02 3.206641e+02 8.854493e+02
-1.182664e-04 8.310686e+02 3.331819e+02 9.200146e+02
-1.107847e-04 8.092925e+02 3.244517e+02 8.959079e+02
-1.060594e-04 7.803536e+02 3.128499e+02 8.638718e+02
-1.033124e-04 7.606436e+02 3.049480e+02 8.420523e+02
-1.007115e-04 7.481792e+02 2.999509e+02 8.282539e+02
-9.839560e-05 7.031463e+02 2.818969e+02 7.784013e+02
-9.610101e-05 7.246226e+02 2.905069e+02 8.021761e+02
-9.652376e-05 7.244196e+02 2.904255e+02 8.019513e+02
-1.001249e-04 7.590997e+02 3.043290e+02 8.403431e+02
-1.037492e-04 7.993849e+02 3.204797e+02 8.849399e+02
-1.076494e-04 7.799633e+02 3.126934e+02 8.634397e+02
-1.117108e-04 7.785883e+02 3.121421e+02 8.619175e+02
-1.143000e-04 7.744238e+02 3.104726e+02 8.573074e+02
-1.187273e-04 7.191267e+02 2.883036e+02 7.960920e+02
-1.294179e-04 7.225085e+02 2.896593e+02 7.998357e+02
-1.439264e-04 7.239160e+02 2.902236e+02 8.013939e+02
-1.617356e-04 7.973275e+02 3.196548e+02 8.826623e+02
-1.844437e-04 7.969443e+02 3.195012e+02 8.822381e+02
-2.072761e-04 8.042230e+02 3.224193e+02 8.902958e+02
-2.296261e-04 7.864265e+02 3.152846e+02 8.705946e+02
-2.555800e-04 7.422609e+02 2.975782e+02 8.217022e+02
-2.802828e-04 8.023189e+02 3.216559e+02 8.881879e+02
-2.902687e-04 7.906730e+02 3.169870e+02 8.752956e+02
-2.882011e-04 7.238753e+02 2.902073e+02 8.013488e+02
-2.899976e-04 7.224295e+02 2.896277e+02 7.997483e+02
-2.952653e-04 7.471023e+02 2.995192e+02 8.270617e+02
-2.870036e-04 7.608781e+02 3.050420e+02 8.423118e+02
-2.648100e-04 7.705657e+02 3.089258e+02 8.530363e+02
-2.431557e-04 7.682606e+02 3.080017e+02 8.504845e+02
-2.297833e-04 7.159416e+02 2.870266e+02 7.925659e+02
-2.255533e-04 7.207330e+02 2.889475e+02 7.978702e+02
-2.292407e-04 7.327532e+02 2.937665e+02 8.111769e+02
-2.388267e-04 7.088997e+02 2.842035e+02 7.847705e+02
-2.489122e-04 7.248432e+02 2.905953e+02 8.024203e+02
-2.588049e-04 7.685905e+02 3.081339e+02 8.508496e+02
-2.684294e-04 7.765410e+02 3.113214e+02 8.596511e+02
-2.804153e-04 7.855906e+02 3.149495e+02 8.696693e+02
-3.004640e-04 7.292031e+02 2.923432e+02 8.072468e+02
-3.289117e-04 7.136840e+02 2.861215e+02 7.900667e+02
-3.506971e-04 7.166133e+02 2.872959e+02 7.933095e+02
-3.676610e-04 6.893169e+02 2.763526e+02 7.630918e+02
-3.814627e-04 6.694497e+02 2.683877e+02 7.410983e+02
-3.706618e-04 6.683804e+02 2.679589e+02 7.399145e+02
-3.474662e-04 6.660872e+02 2.670396e+02 7.373759e+02
-3.344157e-04 6.557537e+02 2.628968e+02 7.259364e+02
-3.237974e-04 6.535050e+02 2.619953e+02 7.234471e+02
-3.053917e-04 6.471874e+02 2.594625e+02 7.164533e+02
-2.772087e-04 6.548285e+02 2.625259e+02 7.249123e+02
-2.388768e-04 6.818224e+02 2.733479e+02 7.547951e+02
-2.054794e-04 6.640812e+02 2.662354e+02 7.351552e+02
-1.793880e-04 6.957943e+02 2.789494e+02 7.702624e+02
-1.575344e-04 6.996898e+02 2.805111e+02 7.745748e+02
-1.433938e-04 6.959541e+02 2.790135e+02 7.704393e+02
-1.318479e-04 6.976749e+02 2.797033e+02 7.723442e+02
-1.185269e-04 6.881903e+02 2.759009e+02 7.618446e+02
-1.090415e-04 6.922324e+02 2.775214e+02 7.663192e+02
-1.035949e-04 7.038060e+02 2.821614e+02 7.791316e+02
-9.880372e-05 7.109786e+02 2.850369e+02 7.870718e+02
-9.600472e-05 7.158941e+02 2.870076e+02 7.925134e+02
-9.440608e-05 7.645512e+02 3.065146e+02 8.463780e+02
-9.421830e-05 7.926232e+02 3.177689e+02 8.774545e+02
-9.417937e-05 7.711824e+02 3.091731e+02 8.537190e+02
-9.301676e-05 7.285007e+02 2.920616e+02 8.064692e+02
-9.155329e-05 7.285559e+02 2.920838e+02 8.065304e+02
-8.965383e-05 7.509648e+02 3.010677e+02 8.313376e+02
-8.854679e-05 7.137579e+02 2.861512e+02 7.901486e+02
-8.688629e-05 7.054051e+02 2.828025e+02 7.809019e+02
-8.400387e-05 7.324047e+02 2.936268e+02 8.107911e+02
-8.350567e-05 7.259115e+02 2.910236e+02 8.036029e+02
-8.687445e-05 7.622830e+02 3.056052e+02 8.438671e+02
-9.168137e-05 7.394272e+02 2.964422e+02 8.185652e+02
-9.632905e-05 7.325422e+02 2.936819e+02 8.109433e+02
-1.027300e-04 7.716189e+02 3.093481e+02 8.542022e+02
-1.087181e-04 7.495590e+02 3.005041e+02 8.297814e+02
-1.142813e-04 7.634041e+02 3.060547e+02 8.451082e+02
-1.250071e-04 7.773339e+02 3.116393e+02 8.605289e+02
-1.394772e-04 7.725178e+02 3.097084e+02 8.551973e+02
-1.553355e-04 7.840055e+02 3.143140e+02 8.679145e+02
-1.700460e-04 7.546413e+02 3.025416e+02 8.354075e+02
-1.816729e-04 7.476833e+02 2.997521e+02 8.277049e+02
-1.888181e-04 7.434940e+02 2.980726e+02 8.230672e+02
-1.869137e-04 7.521930e+02 3.015601e+02 8.326973e+02
-1.851762e-04 7.082891e+02 2.839587e+02 7.840945e+02
-1.917266e-04 7.217947e+02 2.893732e+02 7.990455e+02
-2.048275e-04 7.548496e+02 3.026251e+02 8.356381e+02
-2.189842e-04 7.941577e+02 3.183840e+02 8.791532e+02
-2.232095e-04 7.775339e+02 3.117194e+02 8.607503e+02
-2.197548e-04 7.730901e+02 3.099379e+02 8.558309e+02
-2.245940e-04 7.801229e+02 3.127574e+02 8.636164e+02
-2.336104e-04 8.204249e+02 3.289148e+02 9.082317e+02
-2.386277e-04 7.932509e+02 3.180205e+02 8.781494e+02
-2.415493e-04 7.954076e+02 3.188852e+02 8.805369e+02
-2.421492e-04 8.178722e+02 3.278914e+02 9.054058e+02
-2.350263e-04 8.179252e+02 3.279126e+02 9.054645e+02
-2.159169e-04 7.970051e+02 3.195256e+02 8.823054e+02
-1.942956e-04 7.918014e+02 3.174394e+02 8.765447e+02
-1.750755e-04 7.942650e+02 3.184271e+02 8.792720e+02
-1.569734e-04 7.749936e+02 3.107010e+02 8.579381e+02
-1.414721e-04 7.658350e+02 3.070292e+02 8.477992e+02
-1.326395e-04 7.750073e+02 3.107065e+02 8.579533e+02
-1.289603e-04 7.799983e+02 3.127075e+02 8.634785e+02
-1.256040e-04 7.649897e+02 3.066904e+02 8.468635e+02
-1.215810e-04 7.619567e+02 3.054744e+02 8.435059e+02
-1.176408e-04 7.789603e+02 3.122913e+02 8.623294e+02
-1.130070e-04 7.918686e+02 3.174663e+02 8.766192e+02
-1.073795e-04 7.875917e+02 3.157517e+02 8.718845e+02
-1.047369e-04 7.394989e+02 2.964709e+02 8.186446e+02
-1.054649e-04 7.170874e+02 2.874860e+02 7.938344e+02
-1.061735e-04 7.110679e+02 2.850727e+02 7.871707e+02
-1.059888e-04 7.153764e+02 2.868000e+02 7.919403e+02
-1.037004e-04 7.495327e+02 3.004935e+02 8.297522e+02
-1.014497e-04 8.077122e+02 3.238182e+02 8.941584e+02
-9.931117e-05 8.366878e+02 3.354347e+02 9.262351e+02
-9.619359e-05 8.396949e+02 3.366403e+02 9.295641e+02
-9.591023e-05 7.966578e+02 3.193864e+02 8.819209e+02
-9.803370e-05 7.590945e+02 3.043270e+02 8.403374e+02
-9.774006e-05 7.776872e+02 3.117809e+02 8.609200e+02
-9.213884e-05 7.675609e+02 3.077212e+02 8.497099e+02
-8.640455e-05 7.697925e+02 3.086158e+02 8.521803e+02
-8.519602e-05 7.490378e+02 3.002951e+02 8.292043e+02
-8.786951e-05 7.514397e+02 3.012581e+02 8.318633e+02
-9.347331e-05 7.003406e+02 2.807721e+02 7.752953e+02
-9.895456e-05 7.552092e+02 3.027693e+02 8.360363e+02
-1.028515e-04 7.432472e+02 2.979736e+02 8.227940e+02
-1.059437e-04 7.759884e+02 3.110998e+02 8.590394e+02
-1.057231e-04 7.887441e+02 3.162137e+02 8.731603e+02
-1.023213e-04 7.781308e+02 3.119588e+02 8.614111e+02
-9.956525e-05 7.646701e+02 3.065622e+02 8.465097e+02
-9.952348e-05 7.071392e+02 2.834977e+02 7.828215e+02
-1.009641e-04 7.124839e+02 2.856404e+02 7.887382e+02
-9.944840e-05 7.099769e+02 2.846353e+02 7.859629e+02
-9.454121e-05 6.982374e+02 2.799288e+02 7.729669e+02
-9.244633e-05 7.032362e+02 2.819329e+02 7.785008e+02
-9.405048e-05 7.127830e+02 2.857603e+02 7.890693e+02
-9.579741e-05 7.529929e+02 3.018808e+02 8.335828e+02
-9.516229e-05 7.256086e+02 2.909022e+02 8.032677e+02
-9.365351e-05 7.210781e+02 2.890859e+02 7.982522e+02
-9.531278e-05 7.653894e+02 3.068506e+02 8.473060e+02
-9.968040e-05 7.515768e+02 3.013131e+02 8.320151e+02
-1.043951e-04 7.284976e+02 2.920604e+02 8.064658e+02
-1.088648e-04 7.498302e+02 3.006128e+02 8.300815e+02
-1.115728e-04 7.686357e+02 3.081521e+02 8.508997e+02
-1.127618e-04 7.935551e+02 3.181425e+02 8.784862e+02
-1.149278e-04 7.632692e+02 3.060006e+02 8.449589e+02
-1.172013e-04 7.957523e+02 3.190233e+02 8.809185e+02
-1.210884e-04 7.744389e+02 3.104786e+02 8.573240e+02
-1.318457e-04 7.512444e+02 3.011798e+02 8.316471e+02
-1.463948e-04 7.191423e+02 2.883098e+02 7.961092e+02
-1.594347e-04 7.074696e+02 2.836301e+02 7.831873e+02
-1.676254e-04 7.169936e+02 2.874484e+02 7.937306e+02
-1.710263e-04 7.758016e+02 3.110249e+02 8.588326e+02
-1.714411e-04 7.660157e+02 3.071017e+02 8.479994e+02
-1.748235e-04 7.116794e+02 2.853179e+02 7.878476e+02
-1.909469e-04 6.819626e+02 2.734041e+02 7.549503e+02
-2.098007e-04 6.748793e+02 2.705644e+02 7.471089e+02
-2.212450e-04 6.916105e+02 2.772721e+02 7.656308e+02
-2.302590e-04 6.982380e+02 2.799291e+02 7.729677e+02
-2.364288e-04 7.199985e+02 2.886530e+02 7.970570e+02
-2.318684e-04 7.306471e+02 2.929222e+02 8.088454e+02
-2.268133e-04 7.352992e+02 2.947872e+02 8.139954e+02
-2.305876e-04 6.788264e+02 2.721468e+02 7.514785e+02
-2.426938e-04 6.934475e+02 2.780085e+02 7.676644e+02
-2.630281e-04 6.849127e+02 2.745869e+02 7.582162e+02
-2.827630e-04 7.107924e+02 2.849622e+02 7.868656e+02
-3.063911e-04 7.539690e+02 3.022721e+02 8.346633e+02
-3.495342e-04 7.516649e+02 3.013484e+02 8.321127e+02
-4.158930e-04 7.538848e+02 3.022383e+02 8.345701e+02
-4.977478e-04 7.435390e+02 2.980906e+02 8.231171e+02
-5.992840e-04 7.429731e+02 2.978637e+02 8.224906e+02
-7.397011e-04 7.524985e+02 3.016826e+02 8.330354e+02
-8.847715e-04 7.077283e+02 2.837338e+02 7.834736e+02
-9.990033e-04 7.305209e+02 2.928715e+02 8.087056e+02
-1.176672e-03 7.456022e+02 2.989178e+02 8.254011e+02
-1.492080e-03 7.718761e+02 3.094512e+02 8.544869e+02
-1.807920e-03 7.130639e+02 2.858729e+02 7.893803e+02
-1.925738e-03 7.237374e+02 2.901520e+02 8.011961e+02
-1.848333e-03 7.240024e+02 2.902582e+02 8.014895e+02
-1.692519e-03 7.628379e+02 3.058277e+02 8.444814e+02
-1.580019e-03 7.559251e+02 3.030563e+02 8.368288e+02
-1.537640e-03 7.628183e+02 3.058198e+02 8.444597e+02
-1.512315e-03 7.194402e+02 2.884292e+02 7.964390e+02
-1.468579e-03 7.277942e+02 2.917784e+02 8.056871e+02
-1.414162e-03 6.903762e+02 2.767772e+02 7.642644e+02
-1.328852e-03 6.670080e+02 2.674087e+02 7.383952e+02
-1.226569e-03 7.170433e+02 2.874683e+02 7.937856e+02
-1.170811e-03 7.096066e+02 2.844869e+02 7.855530e+02
-1.132265e-03 7.195125e+02 2.884582e+02 7.965191e+02
-1.044559e-03 7.303489e+02 2.928026e+02 8.085153e+02
-9.720692e-04 7.168321e+02 2.873836e+02 7.935518e+02
-9.454132e-04 6.960497e+02 2.790518e+02 7.705452e+02
-9.490688e-04 7.021626e+02 2.815025e+02 7.773123e+02
-9.429591e-04 7.279343e+02 2.918346e+02 8.058423e+02
-8.813894e-04 7.197173e+02 2.885403e+02 7.967457e+02
-8.155320e-04 6.896359e+02 2.764804e+02 7.634449e+02
-7.961890e-04 7.101306e+02 2.846969e+02 7.861331e+02
-8.292309e-04 7.380317e+02 2.958827e+02 8.170204e+02
-9.112101e-04 7.832860e+02 3.140255e+02 8.671181e+02
-9.981118e-04 7.805392e+02 3.129243e+02 8.640772e+02
-1.048546e-03 8.011439e+02 3.211849e+02 8.868871e+02
-1.052923e-03 7.845162e+02 3.145187e+02 8.684798e+02
-9.638813e-04 8.165613e+02 3.273658e+02 9.039546e+02
-8.386379e-04 8.328083e+02 3.338794e+02 9.219404e+02
-7.272152e-04 8.138222e+02 3.262677e+02 9.009223e+02
-6.392232e-04 8.070358e+02 3.235470e+02 8.934097e+02
-5.731618e-04 7.829219e+02 3.138795e+02 8.667149e+02
-5.238485e-04 7.533486e+02 3.020234e+02 8.339765e+02
-4.659804e-04 7.844927e+02 3.145093e+02 8.684538e+02
-3.974276e-04 8.359070e+02 3.351217e+02 9.253709e+02
-3.456021e-04 8.233123e+02 3.300724e+02 9.114282e+02
-3.046107e-04 8.227271e+02 3.298377e+02 9.107803e+02
-2.766720e-04 8.039350e+02 3.223038e+02 8.899769e+02
-2.549211e-04 8.113158e+02 3.252629e+02 8.981477e+02
-2.276395e-04 7.709139e+02 3.090654e+02 8.534217e+02
-2.001049e-04 7.152640e+02 2.867550e+02 7.918159e+02
-1.805071e-04 7.489810e+02 3.002724e+02 8.291415e+02
-1.705471e-04 7.701483e+02 3.087585e+02 8.525742e+02
-1.620388e-04 8.138759e+02 3.262892e+02 9.009818e+02
-1.549495e-04 7.837187e+02 3.141990e+02 8.675971e+02
-1.460712e-04 7.447582e+02 2.985794e+02 8.244667e+02
-1.332715e-04 7.338749e+02 2.942162e+02 8.124186e+02
-1.231625e-04 7.319297e+02 2.934364e+02 8.102653e+02
-1.131805e-04 7.560194e+02 3.030941e+02 8.369332e+02
-1.010494e-04 7.887862e+02 3.162306e+02 8.732069e+02
-9.133888e-05 7.574487e+02 3.036671e+02 8.385154e+02
-8.593498e-05 7.564202e+02 3.032548e+02 8.373769e+02
-8.520662e-05 7.685266e+02 3.081084e+02 8.507790e+02
-8.722600e-05 7.214812e+02 2.892475e+02 7.986985e+02
-8.801624e-05 7.436971e+02 2.981540e+02 8.232920e+02
-8.759299e-05 7.483432e+02 3.000167e+02 8.284354e+02
-8.519520e-05 7.030213e+02 2.818467e+02 7.782629e+02
-7.973849e-05 7.005684e+02 2.808634e+02 7.755474e+02
-7.340612e-05 7.105140e+02 2.848507e+02 7.865575e+02
-6.713223e-05 7.330869e+02 2.939003e+02 8.115463e+02
-6.197112e-05 7.458408e+02 2.990134e+02 8.256652e+02
-5.970206e-05 6.999783e+02 2.806268e+02 7.748943e+02
-5.947315e-05 7.548842e+02 3.026390e+02 8.356765e+02
-6.073741e-05 7.721880e+02 3.095762e+02 8.548322e+02
-6.253611e-05 7.629626e+02 3.058777e+02 8.446194e+02
-6.451119e-05 7.404894e+02 2.968680e+02 8.197411e+02
-6.848860e-05 7.912941e+02 3.172360e+02 8.759832e+02
-7.430641e-05 8.056689e+02 3.229990e+02 8.918965e+02
-8.180967e-05 7.943803e+02 3.184733e+02 8.793996e+02
-9.294761e-05 8.034520e+02 3.221102e+02 8.894423e+02
-1.107582e-04 8.613135e+02 3.453074e+02 9.534965e+02
-1.380371e-04 8.061780e+02 3.232031e+02 8.924600e+02
-1.783439e-04 7.860017e+02 3.151143e+02 8.701244e+02
-2.402975e-04 7.892081e+02 3.163997e+02 8.736739e+02
-3.308029e-04 7.937205e+02 3.182088e+02 8.786693e+02
-4.635102e-04 8.124914e+02 3.257342e+02 8.994491e+02
-6.675514e-04 7.633465e+02 3.060316e+02 8.450445e+02
-9.226557e-04 7.502174e+02 3.007681e+02 8.305102e+02
-1.188621e-03 7.382842e+02 2.959839e+02 8.172998e+02
-1.317178e-03 7.467463e+02 2.993764e+02 8.266676e+02
-1.245723e-03 8.111999e+02 3.252164e+02 8.980194e+02
-1.174665e-03 8.337341e+02 3.342505e+02 9.229654e+02
-1.147624e-03 8.537835e+02 3.422885e+02 9.451606e+02
-1.103103e-03 8.357136e+02 3.350442e+02 9.251568e+02
-1.008190e-03 8.238310e+02 3.302803e+02 9.120023e+02
-8.844928e-04 8.237318e+02 3.302405e+02 9.118925e+02
-7.901861e-04 8.055961e+02 3.229698e+02 8.918159e+02
-7.153476e-04 8.230735e+02 3.299766e+02 9.111639e+02
-6.283860e-04 8.461183e+02 3.392155e+02 9.366750e+02
-5.554283e-04 7.938086e+02 3.182441e+02 8.787668e+02
-4.925631e-04 7.301650e+02 2.927289e+02 8.083117e+02
-4.211210e-04 7.400370e+02 2.966866e+02 8.192403e+02
-3.612972e-04 7.264624e+02 2.912445e+02 8.042127e+02
-3.193104e-04 7.203142e+02 2.887796e+02 7.974066e+02
-2.848267e-04 7.313901e+02 2.932200e+02 8.096679e+02
-2.617086e-04 7.342027e+02 2.943476e+02 8.127815e+02
-2.517031e-04 7.387583e+02 2.961740e+02 8.178246e+02
-2.489761e-04 7.242314e+02 2.903500e+02 8.017430e+02
-2.579482e-04 7.654196e+02 3.068627e+02 8.473394e+02
-2.737642e-04 7.656060e+02 3.069375e+02 8.475458e+02
-2.666546e-04 7.567890e+02 3.034026e+02 8.377851e+02
-2.425040e-04 7.359425e+02 2.950451e+02 8.147075e+02
-2.243095e-04 7.256103e+02 2.909029e+02 8.032695e+02
-2.100763e-04 7.046529e+02 2.825009e+02 7.800691e+02
-2.092419e-04 7.044381e+02 2.824148e+02 7.798313e+02
-2.172429e-04 7.058620e+02 2.829856e+02 7.814076e+02
-2.169582e-04 6.809733e+02 2.730075e+02 7.538552e+02
-2.157115e-04 7.304494e+02 2.928429e+02 8.086265e+02
-2.140668e-04 7.276243e+02 2.917103e+02 8.054991e+02
-2.134010e-04 7.297443e+02 2.925602e+02 8.078459e+02
-2.226520e-04 6.925221e+02 2.776376e+02 7.666400e+02
-2.370217e-04 6.968363e+02 2.793671e+02 7.714159e+02
-2.542654e-04 6.952844e+02 2.787450e+02 7.696979e+02
-2.762877e-04 6.827608e+02 2.737242e+02 7.558340e+02
-2.974459e-04 6.786415e+02 2.720727e+02 7.512738e+02
-3.249895e-04 6.823369e+02 2.735542e+02 7.553648e+02
-3.680929e-04 6.871908e+02 2.755002e+02 7.607381e+02
-4.141221e-04 6.605168e+02 2.648064e+02 7.312093e+02
-4.446438e-04 6.673619e+02 2.675506e+02 7.387870e+02
-4.802211e-04 6.788257e+02 2.721466e+02 7.514778e+02
-5.190777e-04 6.743296e+02 2.703440e+02 7.465004e+02
-5.281996e-04 6.618579e+02 2.653440e+02 7.326940e+02
-5.024537e-04 6.685198e+02 2.680148e+02 7.400688e+02
-4.649841e-04 6.776426e+02 2.716722e+02 7.501680e+02
-4.356249e-04 6.893073e+02 2.763487e+02 7.630812e+02
-3.947848e-04 7.096938e+02 2.845218e+02 7.856495e+02
-3.372929e-04 7.057597e+02 2.829446e+02 7.812944e+02
-2.965443e-04 6.949529e+02 2.786121e+02 7.693310e+02
-2.717136e-04 7.008160e+02 2.809626e+02 7.758215e+02
-2.457298e-04 7.138890e+02 2.862037e+02 7.902937e+02
-2.278351e-04 7.296198e+02 2.925103e+02 8.077082e+02
-2.241841e-04 6.961924e+02 2.791090e+02 7.707032e+02
-2.243040e-04 6.907878e+02 2.769423e+02 7.647201e+02
-2.203112e-04 6.999314e+02 2.806080e+02 7.748423e+02
-2.185175e-04 7.150415e+02 2.866657e+02 7.915695e+02
-2.222713e-04 7.486351e+02 3.001337e+02 8.287586e+02
-2.230852e-04 7.190384e+02 2.882681e+02 7.959942e+02
-2.221201e-04 7.032307e+02 2.819307e+02 7.784947e+02
-2.203884e-04 7.374456e+02 2.956477e+02 8.163715e+02
-2.128926e-04 7.508790e+02 3.010333e+02 8.312426e+02
-2.072959e-04 7.673848e+02 3.076506e+02 8.495149e+02
-2.019808e-04 7.694303e+02 3.084707e+02 8.517794e+02
-1.936739e-04 7.536222e+02 3.021330e+02 8.342794e+02
-1.875039e-04 7.584908e+02 3.040849e+02 8.396691e+02
-1.790309e-04 7.769956e+02 3.115036e+02 8.601543e+02
-1.676317e-04 7.559587e+02 3.030698e+02 8.368660e+02
-1.554691e-04 6.974841e+02 2.796269e+02 7.721331e+02
-1.472787e-04 6.685542e+02 2.680286e+02 7.401069e+02
-1.473535e-04 7.111930e+02 2.851229e+02 7.873092e+02
-1.512476e-04 7.370271e+02 2.954799e+02 8.159082e+02
-1.562272e-04 7.534749e+02 3.020740e+02 8.341164e+02
-1.645933e-04 7.496293e+02 3.005323e+02 8.298592e+02
-1.688750e-04 7.705939e+02 3.089371e+02 8.530675e+02
-1.689359e-04 7.563738e+02 3.032362e+02 8.373255e+02
-1.752232e-04 7.694736e+02 3.084880e+02 8.518273e+02
-1.824945e-04 7.316787e+02 2.933357e+02 8.099873e+02
-1.848754e-04 7.642085e+02 3.063772e+02 8.459987e+02
-1.845469e-04 7.616889e+02 3.053671e+02 8.432094e+02
-1.778401e-04 7.225943e+02 2.896937e+02 7.999307e+02
-1.675482e-04 7.456956e+02 2.989552e+02 8.255044e+02
-1.615469e-04 7.136559e+02 2.861102e+02 7.900356e+02
-1.612249e-04 6.912084e+02 2.771109e+02 7.651857e+02
-1.652571e-04 6.934368e+02 2.780043e+02 7.676527e+02
-1.670941e-04 6.758835e+02 2.709670e+02 7.482206e+02
-1.632942e-04 6.711396e+02 2.690651e+02 7.429691e+02
-1.615149e-04 6.659422e+02 2.669815e+02 7.372154e+02
-1.668512e-04 6.753964e+02 2.707717e+02 7.476814e+02
-1.797479e-04 7.009554e+02 2.810185e+02 7.759759e+02
-2.052870e-04 7.138181e+02 2.861753e+02 7.902153e+02
-2.517916e-04 7.230509e+02 2.898768e+02 8.004362e+02
-3.102930e-04 7.519623e+02 3.014676e+02 8.324419e+02
-3.803725e-04 7.446319e+02 2.985288e+02 8.243269e+02
-4.741336e-04 7.236552e+02 2.901190e+02 8.011051e+02
-5.860721e-04 7.422915e+02 2.975905e+02 8.217360e+02
-6.969996e-04 7.510633e+02 3.011072e+02 8.314466e+02
-7.677149e-04 7.982339e+02 3.200182e+02 8.836657e+02
-7.923809e-04 8.018800e+02 3.214800e+02 8.877021e+02
-7.959669e-04 7.997107e+02 3.206103e+02 8.853005e+02
-7.967542e-04 8.095656e+02 3.245612e+02 8.962102e+02
-7.724335e-04 8.292929e+02 3.324700e+02 9.180488e+02
-7.271228e-04 8.155129e+02 3.269455e+02 9.027941e+02
-6.889874e-04 7.904480e+02 3.168968e+02 8.750465e+02
-7.161632e-04 8.019512e+02 3.215085e+02 8.877808e+02
-8.171324e-04 8.091014e+02 3.243751e+02 8.956963e+02
-1.000640e-03 7.976204e+02 3.197723e+02 8.829866e+02
-1.330953e-03 7.741200e+02 3.103508e+02 8.569710e+02
-1.845609e-03 7.649422e+02 3.066713e+02 8.468109e+02
-2.581227e-03 7.445952e+02 2.985141e+02 8.242863e+02
-3.712751e-03 7.342244e+02 2.943563e+02 8.128055e+02
-5.729501e-03 7.704101e+02 3.088634e+02 8.528640e+02
-9.238260e-03 7.970121e+02 3.195284e+02 8.823132e+02
-1.506290e-02 7.446931e+02 2.985533e+02 8.243947e+02
-2.497332e-02 7.656056e+02 3.069373e+02 8.475454e+02
-4.296046e-02 7.863623e+02 3.152588e+02 8.705235e+02
-7.641738e-02 7.491773e+02 3.003511e+02 8.293588e+02
-1.191510e-01 7.452309e+02 2.987689e+02 8.249900e+02
-1.412996e-01 7.544091e+02 3.024485e+02 8.351505e+02
-1.323019e-01 8.190221e+02 3.283524e+02 9.066788e+02
-1.004150e-01 7.746081e+02 3.105465e+02 8.575113e+02
-6.279480e-02 7.963908e+02 3.192793e+02 8.816253e+02
-3.228349e-02 7.677443e+02 3.077947e+02 8.499130e+02
-1.545968e-02 7.539493e+02 3.022642e+02 8.346415e+02
-7.747681e-03 7.479621e+02 2.998639e+02 8.280135e+02
-4.429282e-03 7.560823e+02 3.031193e+02 8.370028e+02
-2.647042e-03 7.964462e+02 3.193015e+02 8.816867e+02
-1.696836e-03 7.529651e+02 3.018696e+02 8.335519e+02
-1.166422e-03 7.831175e+02 3.139579e+02 8.669314e+02
-7.929537e-04 7.772690e+02 3.116132e+02 8.604570e+02
-5.695547e-04 7.652305e+02 3.067869e+02 8.471301e+02
-4.350567e-04 7.765401e+02 3.113210e+02 8.596502e+02
-3.504407e-04 7.818726e+02 3.134588e+02 8.655533e+02
-2.903775e-04 8.136233e+02 3.261880e+02 9.007022e+02
-2.338485e-04 8.393311e+02 3.364944e+02 9.291614e+02
-1.916422e-04 8.701669e+02 3.488567e+02 9.632974e+02
-1.660104e-04 7.955179e+02 3.189294e+02 8.806591e+02
-1.418714e-04 7.461081e+02 2.991206e+02 8.259611e+02
-1.204568e-04 7.731345e+02 3.099557e+02 8.558801e+02
-1.059605e-04 7.425298e+02 2.976860e+02 8.219998e+02
-9.331381e-05 7.227849e+02 2.897701e+02 8.001417e+02
-8.225160e-05 7.154961e+02 2.868480e+02 7.920729e+02
-7.338563e-05 7.493959e+02 3.004387e+02 8.296007e+02
-6.615105e-05 7.734586e+02 3.100856e+02 8.562388e+02
-5.991291e-05 7.562985e+02 3.032060e+02 8.372422e+02
-5.444877e-05 7.408784e+02 2.970240e+02 8.201717e+02
-5.071081e-05 7.855650e+02 3.149392e+02 8.696409e+02
-4.817374e-05 7.335358e+02 2.940803e+02 8.120433e+02
-4.663511e-05 7.591092e+02 3.043328e+02 8.403536e+02
-4.621056e-05 7.496096e+02 3.005244e+02 8.298374e+02
-4.589347e-05 7.332862e+02 2.939802e+02 8.117669e+02
-4.548026e-05 7.438317e+02 2.982080e+02 8.234410e+02
-4.552092e-05 7.189682e+02 2.882400e+02 7.959165e+02
-4.578056e-05 6.930939e+02 2.778668e+02 7.672730e+02
-4.641940e-05 7.184202e+02 2.880203e+02 7.953099e+02
-4.720941e-05 7.349124e+02 2.946322e+02 8.135672e+02
-4.752154e-05 7.548516e+02 3.026259e+02 8.356404e+02
-4.769700e-05 7.572990e+02 3.036071e+02 8.383497e+02
-4.745525e-05 7.777355e+02 3.118003e+02 8.609735e+02
-4.679946e-05 7.975699e+02 3.197521e+02 8.829307e+02
-4.601193e-05 7.560879e+02 3.031216e+02 8.370090e+02
-4.527644e-05 7.768046e+02 3.114271e+02 8.599430e+02
-4.464764e-05 7.605196e+02 3.048983e+02 8.419150e+02
-4.422275e-05 7.621976e+02 3.055710e+02 8.437726e+02
-4.359834e-05 7.486224e+02 3.001286e+02 8.287445e+02
-4.242985e-05 7.449674e+02 2.986633e+02 8.246983e+02
-4.129483e-05 7.704304e+02 3.088716e+02 8.528865e+02
-4.058305e-05 7.213486e+02 2.891943e+02 7.985516e+02
-4.038364e-05 7.431152e+02 2.979207e+02 8.226478e+02
-4.036783e-05 7.018358e+02 2.813715e+02 7.769506e+02
-4.024104e-05 7.009952e+02 2.810345e+02 7.760200e+02
-4.004082e-05 6.738427e+02 2.701488e+02 7.459614e+02
-3.952829e-05 7.251003e+02 2.906984e+02 8.027049e+02
-3.899052e-05 7.529685e+02 3.018710e+02 8.335558e+02
-3.898650e-05 7.799762e+02 3.126986e+02 8.634540e+02
-3.928586e-05 7.749148e+02 3.106694e+02 8.578509e+02
-3.905082e-05 7.657571e+02 3.069980e+02 8.477131e+02
-3.825344e-05 7.874771e+02 3.157058e+02 8.717577e+02
-3.763239e-05 8.016064e+02 3.213703e+02 8.873992e+02
-3.737476e-05 7.887898e+02 3.162320e+02 8.732109e+02
-3.754929e-05 8.094557e+02 3.245171e+02 8.960885e+02
-3.756370e-05 8.396221e+02 3.366111e+02 9.294835e+02
-3.709944e-05 8.314666e+02 3.333415e+02 9.204552e+02
-3.646208e-05 7.968839e+02 3.194770e+02 8.821713e+02
-3.601639e-05 7.865472e+02 3.153329e+02 8.707282e+02
-3.598915e-05 7.733746e+02 3.100519e+02 8.561458e+02
