#E_pot  E_kin  T  P
-7.947539e+02 1.167878e+02 4.682113e+01 1.034297e+06
-7.947501e+02 1.167394e+02 4.680172e+01 1.033868e+06
-7.947388e+02 1.161673e+02 4.657239e+01 1.028802e+06
-7.947200e+02 1.161896e+02 4.658134e+01 1.029000e+06
-7.946939e+02 1.159622e+02 4.649015e+01 1.026985e+06
-7.946603e+02 1.164931e+02 4.670298e+01 1.031687e+06
-7.946193e+02 1.161146e+02 4.655126e+01 1.028335e+06
-7.945710e+02 1.159000e+02 4.646520e+01 1.026434e+06
-7.945154e+02 1.154269e+02 4.627553e+01 1.022244e+06
-7.944525e+02 1.155157e+02 4.631115e+01 1.023031e+06
-7.943824e+02 1.153477e+02 4.624379e+01 1.021543e+06
-7.943051e+02 1.157373e+02 4.639998e+01 1.024993e+06
-7.942202e+02 1.163568e+02 4.664835e+01 1.030480e+06
-7.941275e+02 1.174679e+02 4.709380e+01 1.040320e+06
-7.940273e+02 1.177972e+02 4.722582e+01 1.043236e+06
-7.939197e+02 1.170886e+02 4.694173e+01 1.036961e+06
-7.938051e+02 1.165381e+02 4.672104e+01 1.032086e+06
-7.936835e+02 1.159475e+02 4.648428e+01 1.026856e+06
-7.935550e+02 1.153737e+02 4.625422e+01 1.021774e+06
-7.934191e+02 1.160029e+02 4.650647e+01 1.027346e+06
-7.932754e+02 1.164949e+02 4.670371e+01 1.031703e+06
-7.931244e+02 1.163984e+02 4.666503e+01 1.030848e+06
-7.929661e+02 1.165556e+02 4.672806e+01 1.032241e+06
-7.928004e+02 1.164695e+02 4.669354e+01 1.031478e+06
-7.926280e+02 1.161912e+02 4.658195e+01 1.029013e+06
-7.924486e+02 1.166793e+02 4.677766e+01 1.033337e+06
-7.922620e+02 1.165366e+02 4.672044e+01 1.032072e+06
-7.920683e+02 1.165185e+02 4.671320e+01 1.031912e+06
-7.918674e+02 1.166869e+02 4.678069e+01 1.033403e+06
-7.916596e+02 1.157664e+02 4.641167e+01 1.025252e+06
-7.914452e+02 1.159541e+02 4.648692e+01 1.026914e+06
-7.912235e+02 1.159559e+02 4.648763e+01 1.026930e+06
-7.909944e+02 1.156078e+02 4.634809e+01 1.023847e+06
-7.907582e+02 1.156248e+02 4.635490e+01 1.023997e+06
-7.905155e+02 1.158766e+02 4.645584e+01 1.026227e+06
-7.902661e+02 1.151676e+02 4.617158e+01 1.019948e+06
-7.900099e+02 1.147847e+02 4.601810e+01 1.016557e+06
-7.897473e+02 1.140389e+02 4.571908e+01 1.009952e+06
-7.894783e+02 1.138373e+02 4.563827e+01 1.008167e+06
-7.892031e+02 1.132292e+02 4.539449e+01 1.002782e+06
-7.889220e+02 1.132529e+02 4.540399e+01 1.002992e+06
-7.886348e+02 1.130249e+02 4.531259e+01 1.000973e+06
-7.883416e+02 1.131694e+02 4.537051e+01 1.002252e+06
-7.880427e+02 1.128557e+02 4.524474e+01 9.994738e+05
-7.877375e+02 1.131103e+02 4.534681e+01 1.001729e+06
-7.874261e+02 1.126013e+02 4.514276e+01 9.972209e+05
-7.871091e+02 1.120944e+02 4.493951e+01 9.927311e+05
-7.867866e+02 1.122092e+02 4.498555e+01 9.937481e+05
-7.864574e+02 1.126258e+02 4.515255e+01 9.974371e+05
-7.861216e+02 1.125690e+02 4.512980e+01 9.969347e+05
-7.857794e+02 1.127714e+02 4.521093e+01 9.987268e+05
-7.854315e+02 1.118889e+02 4.485715e+01 9.909117e+05
-7.850793e+02 1.110840e+02 4.453445e+01 9.837830e+05
-7.847222e+02 1.114870e+02 4.469603e+01 9.873525e+05
-7.843600e+02 1.111382e+02 4.455619e+01 9.842633e+05
-7.839926e+02 1.113195e+02 4.462887e+01 9.858688e+05
-7.836206e+02 1.104300e+02 4.427227e+01 9.779914e+05
-7.832445e+02 1.105294e+02 4.431209e+01 9.788710e+05
-7.828634e+02 1.104412e+02 4.427673e+01 9.780900e+05
-7.824776e+02 1.098050e+02 4.402170e+01 9.724563e+05
-7.820864e+02 1.099868e+02 4.409456e+01 9.740657e+05
-7.816892e+02 1.096500e+02 4.395954e+01 9.710832e+05
-7.812860e+02 1.094416e+02 4.387600e+01 9.692376e+05
-7.808781e+02 1.089591e+02 4.368258e+01 9.649649e+05
-7.804653e+02 1.091235e+02 4.374845e+01 9.664201e+05
-7.800459e+02 1.091127e+02 4.374415e+01 9.663250e+05
-7.796211e+02 1.082912e+02 4.341481e+01 9.590498e+05
-7.791924e+02 1.081135e+02 4.334354e+01 9.574754e+05
-7.787583e+02 1.076393e+02 4.315345e+01 9.532762e+05
-7.783183e+02 1.073385e+02 4.303284e+01 9.506120e+05
-7.778736e+02 1.073135e+02 4.302282e+01 9.503906e+05
-7.774240e+02 1.071200e+02 4.294524e+01 9.486769e+05
-7.769692e+02 1.066908e+02 4.277318e+01 9.448761e+05
-7.765103e+02 1.058476e+02 4.243515e+01 9.374087e+05
-7.760482e+02 1.049293e+02 4.206699e+01 9.292761e+05
-7.755813e+02 1.049573e+02 4.207821e+01 9.295237e+05
-7.751093e+02 1.044546e+02 4.187666e+01 9.250716e+05
-7.746343e+02 1.031889e+02 4.136925e+01 9.138627e+05
-7.741580e+02 1.031154e+02 4.133978e+01 9.132115e+05
-7.736811e+02 1.022959e+02 4.101123e+01 9.059538e+05
-7.732036e+02 1.021333e+02 4.094603e+01 9.045134e+05
-7.727238e+02 1.021228e+02 4.094183e+01 9.044208e+05
-7.722411e+02 1.025299e+02 4.110503e+01 9.080260e+05
-7.717553e+02 1.025763e+02 4.112363e+01 9.084368e+05
-7.712662e+02 1.021285e+02 4.094411e+01 9.044710e+05
-7.707737e+02 1.015759e+02 4.072258e+01 8.995774e+05
-7.702781e+02 1.011096e+02 4.053565e+01 8.954480e+05
-7.697811e+02 1.003247e+02 4.022098e+01 8.884969e+05
-7.692831e+02 9.975206e+01 3.999138e+01 8.834250e+05
-7.687847e+02 9.901490e+01 3.969585e+01 8.768966e+05
-7.682855e+02 9.867402e+01 3.955919e+01 8.738777e+05
-7.677835e+02 9.802206e+01 3.929781e+01 8.681038e+05
-7.672813e+02 9.697490e+01 3.887800e+01 8.588299e+05
-7.667784e+02 9.635813e+01 3.863073e+01 8.533677e+05
-7.662739e+02 9.485016e+01 3.802618e+01 8.400128e+05
-7.657688e+02 9.465606e+01 3.794836e+01 8.382938e+05
-7.652624e+02 9.485269e+01 3.802719e+01 8.400352e+05
-7.647562e+02 9.424551e+01 3.778376e+01 8.346578e+05
-7.642518e+02 9.363335e+01 3.753834e+01 8.292364e+05
-7.637474e+02 9.262419e+01 3.713376e+01 8.202991e+05
-7.632420e+02 9.240312e+01 3.704514e+01 8.183413e+05
-7.627356e+02 9.183223e+01 3.681626e+01 8.132854e+05
-7.622297e+02 9.096626e+01 3.646909e+01 8.056161e+05
-7.617267e+02 9.002097e+01 3.609011e+01 7.972445e+05
-7.612260e+02 8.950565e+01 3.588352e+01 7.926807e+05
-7.607281e+02 8.909539e+01 3.571904e+01 7.890474e+05
-7.602323e+02 8.858707e+01 3.551525e+01 7.845456e+05
-7.597360e+02 8.840880e+01 3.544378e+01 7.829667e+05
-7.592404e+02 8.778846e+01 3.519508e+01 7.774729e+05
-7.587470e+02 8.730660e+01 3.500190e+01 7.732055e+05
-7.582545e+02 8.707777e+01 3.491016e+01 7.711788e+05
-7.577608e+02 8.655716e+01 3.470144e+01 7.665682e+05
-7.572664e+02 8.611532e+01 3.452431e+01 7.626553e+05
-7.567732e+02 8.583782e+01 3.441306e+01 7.601976e+05
-7.562829e+02 8.544843e+01 3.425695e+01 7.567491e+05
-7.557946e+02 8.539132e+01 3.423405e+01 7.562434e+05
-7.553062e+02 8.522985e+01 3.416931e+01 7.548133e+05
-7.548162e+02 8.538035e+01 3.422965e+01 7.561462e+05
-7.543263e+02 8.383439e+01 3.360987e+01 7.424548e+05
-7.538397e+02 8.298642e+01 3.326991e+01 7.349451e+05
-7.533536e+02 8.279842e+01 3.319454e+01 7.332800e+05
-7.528692e+02 8.212475e+01 3.292446e+01 7.273139e+05
-7.523910e+02 8.145387e+01 3.265549e+01 7.213724e+05
-7.519151e+02 8.153518e+01 3.268809e+01 7.220925e+05
-7.514388e+02 8.148229e+01 3.266689e+01 7.216242e+05
-7.509642e+02 8.084944e+01 3.241317e+01 7.160195e+05
-7.504925e+02 8.022228e+01 3.216174e+01 7.104652e+05
-7.500252e+02 7.973436e+01 3.196613e+01 7.061441e+05
-7.495620e+02 8.050535e+01 3.227523e+01 7.129722e+05
-7.491042e+02 7.970990e+01 3.195633e+01 7.059275e+05
-7.486521e+02 7.980945e+01 3.199623e+01 7.068091e+05
-7.482007e+02 7.981247e+01 3.199744e+01 7.068358e+05
-7.477520e+02 7.900600e+01 3.167413e+01 6.996936e+05
-7.473088e+02 7.847545e+01 3.146142e+01 6.949949e+05
-7.468724e+02 7.808191e+01 3.130365e+01 6.915096e+05
-7.464428e+02 7.800040e+01 3.127097e+01 6.907878e+05
-7.460170e+02 7.769005e+01 3.114655e+01 6.880393e+05
-7.455969e+02 7.683648e+01 3.080435e+01 6.804799e+05
-7.451832e+02 7.680443e+01 3.079150e+01 6.801960e+05
-7.447752e+02 7.647415e+01 3.065909e+01 6.772710e+05
-7.443731e+02 7.665170e+01 3.073027e+01 6.788435e+05
-7.439770e+02 7.618773e+01 3.054426e+01 6.747344e+05
-7.435877e+02 7.578327e+01 3.038211e+01 6.711524e+05
-7.432029e+02 7.601020e+01 3.047309e+01 6.731622e+05
-7.428207e+02 7.563295e+01 3.032184e+01 6.698212e+05
-7.424433e+02 7.527572e+01 3.017863e+01 6.666575e+05
-7.420678e+02 7.483134e+01 3.000047e+01 6.627220e+05
-7.416942e+02 7.487754e+01 3.001899e+01 6.631311e+05
-7.413274e+02 7.498418e+01 3.006175e+01 6.640755e+05
-7.409659e+02 7.479864e+01 2.998736e+01 6.624323e+05
-7.406101e+02 7.485353e+01 3.000937e+01 6.629184e+05
-7.402597e+02 7.459845e+01 2.990710e+01 6.606594e+05
-7.399109e+02 7.494888e+01 3.004760e+01 6.637629e+05
-7.395665e+02 7.456433e+01 2.989343e+01 6.603572e+05
-7.392312e+02 7.396563e+01 2.965340e+01 6.550550e+05
-7.389050e+02 7.347937e+01 2.945846e+01 6.507486e+05
-7.385850e+02 7.311075e+01 2.931067e+01 6.474840e+05
-7.382712e+02 7.280465e+01 2.918796e+01 6.447732e+05
-7.379641e+02 7.251225e+01 2.907073e+01 6.421836e+05
-7.376629e+02 7.197859e+01 2.885678e+01 6.374574e+05
-7.373650e+02 7.216266e+01 2.893058e+01 6.390876e+05
-7.370704e+02 7.183356e+01 2.879864e+01 6.361730e+05
-7.367827e+02 7.129078e+01 2.858103e+01 6.313660e+05
-7.365047e+02 7.100630e+01 2.846698e+01 6.288466e+05
-7.362353e+02 7.074998e+01 2.836422e+01 6.265766e+05
-7.359721e+02 7.029438e+01 2.818157e+01 6.225416e+05
-7.357148e+02 6.994869e+01 2.804298e+01 6.194801e+05
-7.354650e+02 6.975366e+01 2.796479e+01 6.177530e+05
-7.352211e+02 6.929810e+01 2.778215e+01 6.137184e+05
-7.349820e+02 6.855121e+01 2.748272e+01 6.071038e+05
-7.347500e+02 6.806453e+01 2.728761e+01 6.027937e+05
-7.345259e+02 6.773864e+01 2.715695e+01 5.999075e+05
-7.343090e+02 6.781774e+01 2.718867e+01 6.006081e+05
-7.340967e+02 6.803566e+01 2.727603e+01 6.025380e+05
-7.338919e+02 6.760413e+01 2.710303e+01 5.987163e+05
-7.336968e+02 6.732941e+01 2.699289e+01 5.962833e+05
-7.335074e+02 6.740750e+01 2.702419e+01 5.969748e+05
-7.333234e+02 6.733509e+01 2.699516e+01 5.963336e+05
-7.331464e+02 6.749576e+01 2.705958e+01 5.977565e+05
-7.329752e+02 6.751242e+01 2.706626e+01 5.979041e+05
-7.328090e+02 6.737509e+01 2.701120e+01 5.966878e+05
-7.326488e+02 6.723757e+01 2.695607e+01 5.954699e+05
-7.324955e+02 6.737434e+01 2.701090e+01 5.966812e+05
-7.323480e+02 6.719091e+01 2.693736e+01 5.950567e+05
-7.322031e+02 6.767291e+01 2.713060e+01 5.993253e+05
-7.320614e+02 6.767983e+01 2.713338e+01 5.993867e+05
-7.319245e+02 6.750189e+01 2.706204e+01 5.978108e+05
-7.317921e+02 6.754299e+01 2.707851e+01 5.981748e+05
-7.316679e+02 6.729757e+01 2.698012e+01 5.960013e+05
-7.315519e+02 6.709273e+01 2.689800e+01 5.941872e+05
-7.314419e+02 6.724874e+01 2.696055e+01 5.955688e+05
-7.313359e+02 6.718698e+01 2.693579e+01 5.950219e+05
-7.312349e+02 6.721185e+01 2.694576e+01 5.952421e+05
-7.311417e+02 6.721501e+01 2.694702e+01 5.952701e+05
-7.310552e+02 6.737531e+01 2.701129e+01 5.966898e+05
-7.309766e+02 6.759399e+01 2.709896e+01 5.986265e+05
-7.309054e+02 6.756809e+01 2.708858e+01 5.983971e+05
-7.308377e+02 6.695284e+01 2.684192e+01 5.929483e+05
-7.307729e+02 6.675806e+01 2.676383e+01 5.912233e+05
-7.307156e+02 6.649758e+01 2.665940e+01 5.889164e+05
-7.306663e+02 6.663460e+01 2.671433e+01 5.901299e+05
-7.306216e+02 6.670001e+01 2.674056e+01 5.907092e+05
-7.305797e+02 6.685259e+01 2.680173e+01 5.920604e+05
-7.305403e+02 6.690232e+01 2.682166e+01 5.925009e+05
-7.305027e+02 6.695452e+01 2.684259e+01 5.929632e+05
-7.304682e+02 6.675223e+01 2.676149e+01 5.911717e+05
-7.304380e+02 6.700458e+01 2.686266e+01 5.934065e+05
-7.304122e+02 6.672561e+01 2.675082e+01 5.909359e+05
-7.303908e+02 6.678464e+01 2.677449e+01 5.914587e+05
-7.303729e+02 6.731574e+01 2.698741e+01 5.961622e+05
-7.303578e+02 6.735416e+01 2.700281e+01 5.965024e+05
-7.303478e+02 6.769308e+01 2.713869e+01 5.995041e+05
-7.303422e+02 6.740878e+01 2.702471e+01 5.969862e+05
-7.303386e+02 6.822876e+01 2.735345e+01 6.042481e+05
-7.303354e+02 6.858754e+01 2.749728e+01 6.074255e+05
-7.303313e+02 6.872505e+01 2.755241e+01 6.086433e+05
-7.303264e+02 6.867855e+01 2.753377e+01 6.082316e+05
-7.303235e+02 6.823452e+01 2.735575e+01 6.042991e+05
-7.303239e+02 6.805507e+01 2.728381e+01 6.027099e+05
-7.303253e+02 6.825228e+01 2.736287e+01 6.044564e+05
-7.303288e+02 6.833062e+01 2.739428e+01 6.051502e+05
-7.303371e+02 6.926065e+01 2.776714e+01 6.133867e+05
-7.303471e+02 6.930432e+01 2.778465e+01 6.137735e+05
-7.303558e+02 6.882866e+01 2.759395e+01 6.095609e+05
-7.303641e+02 6.885110e+01 2.760295e+01 6.097597e+05
-7.303735e+02 6.863882e+01 2.751784e+01 6.078797e+05
-7.303862e+02 6.880654e+01 2.758508e+01 6.093651e+05
-7.303998e+02 6.893006e+01 2.763460e+01 6.104590e+05
-7.304141e+02 6.932141e+01 2.779150e+01 6.139248e+05
-7.304301e+02 6.935737e+01 2.780592e+01 6.142434e+05
-7.304471e+02 6.885994e+01 2.760649e+01 6.098379e+05
-7.304633e+02 6.890780e+01 2.762568e+01 6.102618e+05
-7.304771e+02 6.927060e+01 2.777113e+01 6.134749e+05
-7.304898e+02 6.899111e+01 2.765908e+01 6.109997e+05
-7.305023e+02 6.858545e+01 2.749644e+01 6.074070e+05
-7.305149e+02 6.866472e+01 2.752823e+01 6.081091e+05
-7.305286e+02 6.915519e+01 2.772486e+01 6.124527e+05
-7.305440e+02 6.923727e+01 2.775777e+01 6.131797e+05
-7.305633e+02 6.947216e+01 2.785193e+01 6.152599e+05
-7.305840e+02 6.999862e+01 2.806300e+01 6.199224e+05
-7.306035e+02 7.025053e+01 2.816399e+01 6.221533e+05
-7.306210e+02 7.078247e+01 2.837725e+01 6.268643e+05
-7.306372e+02 7.065794e+01 2.832732e+01 6.257614e+05
-7.306544e+02 7.002170e+01 2.807225e+01 6.201268e+05
-7.306705e+02 7.000921e+01 2.806724e+01 6.200161e+05
-7.306852e+02 7.017395e+01 2.813329e+01 6.214751e+05
-7.307003e+02 7.075360e+01 2.836567e+01 6.266086e+05
-7.307167e+02 7.092064e+01 2.843264e+01 6.280879e+05
-7.307343e+02 7.140635e+01 2.862737e+01 6.323895e+05
-7.307507e+02 7.155710e+01 2.868780e+01 6.337246e+05
-7.307659e+02 7.143095e+01 2.863723e+01 6.326073e+05
-7.307801e+02 7.146021e+01 2.864896e+01 6.328665e+05
-7.307947e+02 7.151889e+01 2.867249e+01 6.333862e+05
-7.308098e+02 7.180198e+01 2.878598e+01 6.358933e+05
-7.308231e+02 7.151459e+01 2.867076e+01 6.333481e+05
-7.308344e+02 7.122263e+01 2.855371e+01 6.307624e+05
-7.308435e+02 7.113099e+01 2.851697e+01 6.299508e+05
-7.308515e+02 7.145793e+01 2.864804e+01 6.328463e+05
-7.308607e+02 7.123392e+01 2.855824e+01 6.308625e+05
-7.308715e+02 7.155493e+01 2.868693e+01 6.337053e+05
-7.308831e+02 7.169069e+01 2.874136e+01 6.349077e+05
-7.308938e+02 7.175823e+01 2.876844e+01 6.355059e+05
-7.309042e+02 7.141143e+01 2.862940e+01 6.324345e+05
-7.309156e+02 7.201125e+01 2.886988e+01 6.377466e+05
-7.309272e+02 7.216205e+01 2.893033e+01 6.390821e+05
-7.309386e+02 7.216852e+01 2.893293e+01 6.391395e+05
-7.309486e+02 7.287327e+01 2.921547e+01 6.453809e+05
-7.309577e+02 7.336685e+01 2.941334e+01 6.497521e+05
-7.309679e+02 7.325640e+01 2.936907e+01 6.487740e+05
-7.309781e+02 7.352218e+01 2.947562e+01 6.511278e+05
-7.309868e+02 7.351676e+01 2.947345e+01 6.510798e+05
-7.309944e+02 7.348077e+01 2.945902e+01 6.507610e+05
-7.309988e+02 7.377960e+01 2.957882e+01 6.534075e+05
-7.309988e+02 7.409126e+01 2.970377e+01 6.561676e+05
-7.309964e+02 7.430464e+01 2.978931e+01 6.580574e+05
-7.309938e+02 7.428703e+01 2.978225e+01 6.579014e+05
-7.309904e+02 7.405932e+01 2.969096e+01 6.558847e+05
-7.309847e+02 7.334084e+01 2.940292e+01 6.495218e+05
-7.309765e+02 7.366806e+01 2.953410e+01 6.524197e+05
-7.309688e+02 7.334491e+01 2.940455e+01 6.495578e+05
-7.309624e+02 7.338875e+01 2.942212e+01 6.499460e+05
-7.309555e+02 7.315267e+01 2.932748e+01 6.478553e+05
-7.309479e+02 7.336378e+01 2.941212e+01 6.497249e+05
-7.309378e+02 7.337219e+01 2.941549e+01 6.497994e+05
-7.309245e+02 7.351243e+01 2.947171e+01 6.510414e+05
-7.309090e+02 7.396408e+01 2.965278e+01 6.550413e+05
-7.308920e+02 7.389916e+01 2.962676e+01 6.544664e+05
-7.308734e+02 7.396539e+01 2.965331e+01 6.550529e+05
-7.308528e+02 7.421865e+01 2.975484e+01 6.572959e+05
-7.308313e+02 7.436639e+01 2.981407e+01 6.586042e+05
-7.308101e+02 7.493856e+01 3.004346e+01 6.636715e+05
-7.307886e+02 7.531296e+01 3.019356e+01 6.669873e+05
-7.307655e+02 7.485798e+01 3.001115e+01 6.629579e+05
-7.307412e+02 7.531465e+01 3.019423e+01 6.670022e+05
-7.307157e+02 7.558394e+01 3.030219e+01 6.693871e+05
-7.306877e+02 7.589137e+01 3.042545e+01 6.721098e+05
-7.306587e+02 7.620915e+01 3.055285e+01 6.749241e+05
-7.306304e+02 7.668003e+01 3.074163e+01 6.790944e+05
-7.306015e+02 7.676124e+01 3.077418e+01 6.798135e+05
-7.305707e+02 7.689602e+01 3.082822e+01 6.810071e+05
-7.305384e+02 7.682394e+01 3.079932e+01 6.803688e+05
-7.305058e+02 7.725232e+01 3.097106e+01 6.841627e+05
-7.304734e+02 7.686554e+01 3.081600e+01 6.807373e+05
-7.304408e+02 7.675721e+01 3.077257e+01 6.797778e+05
-7.304071e+02 7.632706e+01 3.060012e+01 6.759683e+05
-7.303737e+02 7.601422e+01 3.047470e+01 6.731978e+05
-7.303411e+02 7.588540e+01 3.042305e+01 6.720569e+05
-7.303070e+02 7.649388e+01 3.066700e+01 6.774457e+05
-7.302718e+02 7.643089e+01 3.064175e+01 6.768879e+05
-7.302332e+02 7.658904e+01 3.070515e+01 6.782885e+05
-7.301906e+02 7.706720e+01 3.089684e+01 6.825232e+05
-7.301483e+02 7.670995e+01 3.075362e+01 6.793593e+05
-7.301066e+02 7.625433e+01 3.057096e+01 6.753243e+05
-7.300635e+02 7.639724e+01 3.062825e+01 6.765899e+05
-7.300184e+02 7.622953e+01 3.056102e+01 6.751046e+05
-7.299707e+02 7.666300e+01 3.073480e+01 6.789435e+05
-7.299225e+02 7.685213e+01 3.081062e+01 6.806185e+05
-7.298742e+02 7.636948e+01 3.061713e+01 6.763441e+05
-7.298237e+02 7.670669e+01 3.075231e+01 6.793304e+05
-7.297705e+02 7.697855e+01 3.086131e+01 6.817381e+05
-7.297162e+02 7.734809e+01 3.100946e+01 6.850108e+05
-7.296613e+02 7.712974e+01 3.092192e+01 6.830771e+05
-7.296050e+02 7.707072e+01 3.089826e+01 6.825543e+05
-7.295471e+02 7.685580e+01 3.081210e+01 6.806510e+05
-7.294885e+02 7.687618e+01 3.082026e+01 6.808314e+05
-7.294302e+02 7.736523e+01 3.101633e+01 6.851626e+05
-7.293737e+02 7.704894e+01 3.088953e+01 6.823615e+05
-7.293190e+02 7.701473e+01 3.087581e+01 6.820585e+05
-7.292648e+02 7.737783e+01 3.102138e+01 6.852741e+05
-7.292109e+02 7.770377e+01 3.115205e+01 6.881608e+05
-7.291564e+02 7.753070e+01 3.108267e+01 6.866280e+05
-7.291024e+02 7.765816e+01 3.113376e+01 6.877568e+05
-7.290491e+02 7.764177e+01 3.112720e+01 6.876117e+05
-7.289943e+02 7.791987e+01 3.123869e+01 6.900746e+05
-7.289382e+02 7.772865e+01 3.116203e+01 6.883811e+05
-7.288806e+02 7.765723e+01 3.113339e+01 6.877486e+05
-7.288220e+02 7.761920e+01 3.111815e+01 6.874118e+05
-7.287643e+02 7.734316e+01 3.100748e+01 6.849671e+05
-7.287051e+02 7.696251e+01 3.085487e+01 6.815960e+05
-7.286433e+02 7.668993e+01 3.074559e+01 6.791820e+05
-7.285788e+02 7.647037e+01 3.065757e+01 6.772375e+05
-7.285134e+02 7.685899e+01 3.081337e+01 6.806793e+05
-7.284497e+02 7.748932e+01 3.106608e+01 6.862616e+05
-7.283880e+02 7.742238e+01 3.103924e+01 6.856687e+05
-7.283266e+02 7.739175e+01 3.102696e+01 6.853975e+05
-7.282649e+02 7.719967e+01 3.094995e+01 6.836964e+05
-7.282059e+02 7.787529e+01 3.122081e+01 6.896798e+05
-7.281498e+02 7.780705e+01 3.119346e+01 6.890755e+05
-7.280918e+02 7.740107e+01 3.103070e+01 6.854800e+05
-7.280305e+02 7.768357e+01 3.114395e+01 6.879819e+05
-7.279698e+02 7.649240e+01 3.066640e+01 6.774326e+05
-7.279110e+02 7.694256e+01 3.084687e+01 6.814193e+05
-7.278537e+02 7.636310e+01 3.061457e+01 6.762876e+05
-7.277968e+02 7.687657e+01 3.082042e+01 6.808349e+05
-7.277399e+02 7.661908e+01 3.071719e+01 6.785545e+05
-7.276836e+02 7.661645e+01 3.071614e+01 6.785313e+05
-7.276275e+02 7.680519e+01 3.079180e+01 6.802027e+05
-7.275720e+02 7.670235e+01 3.075058e+01 6.792920e+05
-7.275162e+02 7.635203e+01 3.061013e+01 6.761894e+05
-7.274596e+02 7.667164e+01 3.073826e+01 6.790201e+05
-7.274018e+02 7.668626e+01 3.074412e+01 6.791495e+05
-7.273411e+02 7.635754e+01 3.061234e+01 6.762382e+05
-7.272788e+02 7.653778e+01 3.068460e+01 6.778345e+05
-7.272159e+02 7.627949e+01 3.058105e+01 6.755471e+05
-7.271542e+02 7.661577e+01 3.071586e+01 6.785252e+05
-7.270947e+02 7.658277e+01 3.070264e+01 6.782330e+05
-7.270347e+02 7.696157e+01 3.085450e+01 6.815877e+05
-7.269746e+02 7.690967e+01 3.083369e+01 6.811281e+05
-7.269162e+02 7.673145e+01 3.076224e+01 6.795497e+05
-7.268605e+02 7.638743e+01 3.062432e+01 6.765030e+05
-7.268052e+02 7.619744e+01 3.054815e+01 6.748204e+05
-7.267492e+02 7.608987e+01 3.050503e+01 6.738677e+05
-7.266940e+02 7.607080e+01 3.049738e+01 6.736989e+05
-7.266404e+02 7.551250e+01 3.027355e+01 6.687544e+05
-7.265862e+02 7.538369e+01 3.022191e+01 6.676136e+05
-7.265323e+02 7.577617e+01 3.037926e+01 6.710896e+05
-7.264798e+02 7.544391e+01 3.024606e+01 6.681470e+05
-7.264271e+02 7.501474e+01 3.007400e+01 6.643462e+05
-7.263757e+02 7.510699e+01 3.011098e+01 6.651632e+05
-7.263269e+02 7.523669e+01 3.016298e+01 6.663118e+05
-7.262790e+02 7.526560e+01 3.017457e+01 6.665678e+05
-7.262315e+02 7.498226e+01 3.006098e+01 6.640585e+05
-7.261846e+02 7.500902e+01 3.007171e+01 6.642955e+05
-7.261379e+02 7.487523e+01 3.001807e+01 6.631107e+05
-7.260924e+02 7.523741e+01 3.016327e+01 6.663182e+05
-7.260471e+02 7.538932e+01 3.022417e+01 6.676635e+05
-7.259997e+02 7.570097e+01 3.034911e+01 6.704236e+05
-7.259507e+02 7.596944e+01 3.045675e+01 6.728012e+05
-7.258998e+02 7.562001e+01 3.031666e+01 6.697066e+05
-7.258478e+02 7.513613e+01 3.012267e+01 6.654213e+05
-7.257956e+02 7.543646e+01 3.024307e+01 6.680810e+05
-7.257419e+02 7.527407e+01 3.017796e+01 6.666428e+05
-7.256869e+02 7.575566e+01 3.037104e+01 6.709079e+05
-7.256312e+02 7.590211e+01 3.042975e+01 6.722049e+05
-7.255750e+02 7.586730e+01 3.041580e+01 6.718967e+05
-7.255194e+02 7.558491e+01 3.030259e+01 6.693958e+05
-7.254650e+02 7.584759e+01 3.040789e+01 6.717221e+05
-7.254118e+02 7.542789e+01 3.023963e+01 6.680051e+05
-7.253602e+02 7.572348e+01 3.035814e+01 6.706229e+05
-7.253089e+02 7.635685e+01 3.061206e+01 6.762322e+05
-7.252556e+02 7.638175e+01 3.062204e+01 6.764527e+05
-7.252012e+02 7.698042e+01 3.086206e+01 6.817547e+05
-7.251461e+02 7.673280e+01 3.076278e+01 6.795616e+05
-7.250902e+02 7.603988e+01 3.048499e+01 6.734251e+05
-7.250337e+02 7.579578e+01 3.038712e+01 6.712632e+05
-7.249751e+02 7.567736e+01 3.033965e+01 6.702145e+05
-7.249148e+02 7.569289e+01 3.034587e+01 6.703520e+05
-7.248548e+02 7.619612e+01 3.054762e+01 6.748087e+05
-7.247953e+02 7.644558e+01 3.064763e+01 6.770180e+05
-7.247350e+02 7.633945e+01 3.060509e+01 6.760781e+05
-7.246733e+02 7.629991e+01 3.058923e+01 6.757279e+05
-7.246098e+02 7.698493e+01 3.086386e+01 6.817946e+05
-7.245436e+02 7.725991e+01 3.097410e+01 6.842298e+05
-7.244763e+02 7.727049e+01 3.097835e+01 6.843236e+05
-7.244087e+02 7.787764e+01 3.122176e+01 6.897006e+05
-7.243400e+02 7.771069e+01 3.115482e+01 6.882220e+05
-7.242706e+02 7.811117e+01 3.131538e+01 6.917688e+05
-7.242013e+02 7.796442e+01 3.125655e+01 6.904691e+05
-7.241304e+02 7.801786e+01 3.127797e+01 6.909424e+05
-7.240567e+02 7.819029e+01 3.134710e+01 6.924695e+05
-7.239826e+02 7.839502e+01 3.142918e+01 6.942826e+05
-7.239086e+02 7.833179e+01 3.140383e+01 6.937227e+05
-7.238338e+02 7.877683e+01 3.158225e+01 6.976640e+05
-7.237578e+02 7.818738e+01 3.134593e+01 6.924437e+05
-7.236803e+02 7.847377e+01 3.146075e+01 6.949801e+05
-7.236016e+02 7.893648e+01 3.164626e+01 6.990779e+05
-7.235228e+02 7.904294e+01 3.168894e+01 7.000208e+05
-7.234424e+02 7.912639e+01 3.172239e+01 7.007598e+05
-7.233610e+02 7.900025e+01 3.167182e+01 6.996427e+05
-7.232802e+02 7.892700e+01 3.164246e+01 6.989940e+05
-7.231997e+02 7.927874e+01 3.178347e+01 7.021090e+05
-7.231195e+02 7.945872e+01 3.185562e+01 7.037030e+05
-7.230399e+02 7.962013e+01 3.192033e+01 7.051325e+05
-7.229593e+02 8.008626e+01 3.210721e+01 7.092606e+05
-7.228785e+02 8.062461e+01 3.232304e+01 7.140283e+05
-7.227979e+02 8.063192e+01 3.232597e+01 7.140931e+05
-7.227172e+02 8.089823e+01 3.243273e+01 7.164516e+05
-7.226351e+02 8.087405e+01 3.242304e+01 7.162374e+05
-7.225498e+02 8.112703e+01 3.252446e+01 7.184778e+05
-7.224625e+02 8.123400e+01 3.256735e+01 7.194253e+05
-7.223742e+02 8.064050e+01 3.232941e+01 7.141691e+05
-7.222854e+02 8.113102e+01 3.252606e+01 7.185132e+05
-7.221976e+02 8.126862e+01 3.258123e+01 7.197318e+05
-7.221113e+02 8.057371e+01 3.230263e+01 7.135776e+05
-7.220253e+02 8.044801e+01 3.225224e+01 7.124644e+05
-7.219392e+02 7.999131e+01 3.206914e+01 7.084197e+05
-7.218553e+02 8.037120e+01 3.222144e+01 7.117841e+05
-7.217724e+02 8.019451e+01 3.215061e+01 7.102193e+05
-7.216893e+02 7.949313e+01 3.186942e+01 7.040077e+05
-7.216081e+02 7.919004e+01 3.174791e+01 7.013235e+05
-7.215271e+02 7.893392e+01 3.164523e+01 6.990552e+05
-7.214475e+02 7.882428e+01 3.160127e+01 6.980842e+05
-7.213690e+02 7.890820e+01 3.163492e+01 6.988275e+05
-7.212895e+02 7.945138e+01 3.185268e+01 7.036380e+05
-7.212097e+02 7.987765e+01 3.202358e+01 7.074131e+05
-7.211317e+02 7.958034e+01 3.190438e+01 7.047801e+05
-7.210552e+02 7.977842e+01 3.198380e+01 7.065343e+05
-7.209790e+02 7.966409e+01 3.193796e+01 7.055217e+05
-7.209035e+02 7.962133e+01 3.192082e+01 7.051431e+05
-7.208287e+02 8.016729e+01 3.213969e+01 7.099782e+05
-7.207551e+02 7.969033e+01 3.194848e+01 7.057541e+05
-7.206822e+02 7.997981e+01 3.206453e+01 7.083178e+05
-7.206114e+02 8.000056e+01 3.207285e+01 7.085016e+05
-7.205413e+02 8.077723e+01 3.238423e+01 7.153800e+05
-7.204703e+02 8.047185e+01 3.226179e+01 7.126754e+05
-7.203996e+02 8.031404e+01 3.219853e+01 7.112779e+05
-7.203309e+02 8.055288e+01 3.229428e+01 7.133931e+05
-7.202652e+02 7.982143e+01 3.200104e+01 7.069152e+05
-7.201991e+02 7.984212e+01 3.200933e+01 7.070984e+05
-7.201327e+02 7.977336e+01 3.198177e+01 7.064895e+05
-7.200665e+02 7.970179e+01 3.195307e+01 7.058557e+05
-7.199995e+02 8.005884e+01 3.209622e+01 7.090178e+05
-7.199333e+02 8.026846e+01 3.218025e+01 7.108742e+05
-7.198674e+02 7.989262e+01 3.202958e+01 7.075457e+05
-7.198006e+02 7.948859e+01 3.186760e+01 7.039676e+05
-7.197342e+02 7.988863e+01 3.202798e+01 7.075104e+05
-7.196677e+02 7.964736e+01 3.193125e+01 7.053736e+05
-7.196002e+02 7.985256e+01 3.201352e+01 7.071909e+05
-7.195325e+02 8.011716e+01 3.211960e+01 7.095342e+05
-7.194634e+02 8.052181e+01 3.228183e+01 7.131180e+05
-7.193942e+02 8.050302e+01 3.227429e+01 7.129515e+05
-7.193253e+02 8.057165e+01 3.230181e+01 7.135593e+05
-7.192562e+02 8.065825e+01 3.233653e+01 7.143263e+05
-7.191887e+02 8.063284e+01 3.232634e+01 7.141012e+05
-7.191197e+02 8.104116e+01 3.249004e+01 7.177174e+05
-7.190460e+02 8.075769e+01 3.237639e+01 7.152069e+05
-7.189693e+02 8.078445e+01 3.238712e+01 7.154439e+05
-7.188930e+02 8.053012e+01 3.228516e+01 7.131915e+05
-7.188189e+02 8.073218e+01 3.236617e+01 7.149810e+05
-7.187446e+02 8.067340e+01 3.234260e+01 7.144605e+05
-7.186700e+02 8.096916e+01 3.246117e+01 7.170797e+05
-7.185956e+02 8.117788e+01 3.254485e+01 7.189282e+05
-7.185192e+02 8.176421e+01 3.277991e+01 7.241209e+05
-7.184419e+02 8.152351e+01 3.268341e+01 7.219892e+05
-7.183645e+02 8.192123e+01 3.284286e+01 7.255115e+05
-7.182882e+02 8.173448e+01 3.276799e+01 7.238576e+05
-7.182132e+02 8.196135e+01 3.285895e+01 7.258668e+05
-7.181377e+02 8.195216e+01 3.285526e+01 7.257854e+05
-7.180623e+02 8.253456e+01 3.308875e+01 7.309433e+05
-7.179884e+02 8.260780e+01 3.311812e+01 7.315919e+05
-7.179170e+02 8.283037e+01 3.320734e+01 7.335630e+05
-7.178477e+02 8.276003e+01 3.317914e+01 7.329400e+05
-7.177804e+02 8.223947e+01 3.297045e+01 7.283299e+05
-7.177148e+02 8.212572e+01 3.292485e+01 7.273225e+05
-7.176497e+02 8.180287e+01 3.279541e+01 7.244633e+05
-7.175828e+02 8.134171e+01 3.261053e+01 7.203791e+05
-7.175154e+02 8.158854e+01 3.270949e+01 7.225651e+05
-7.174484e+02 8.144887e+01 3.265349e+01 7.213282e+05
-7.173810e+02 8.203714e+01 3.288933e+01 7.265380e+05
-7.173142e+02 8.214713e+01 3.293343e+01 7.275121e+05
-7.172474e+02 8.236268e+01 3.301984e+01 7.294211e+05
-7.171793e+02 8.252567e+01 3.308519e+01 7.308645e+05
-7.171115e+02 8.249077e+01 3.307120e+01 7.305554e+05
-7.170447e+02 8.258368e+01 3.310844e+01 7.313783e+05
-7.169782e+02 8.290076e+01 3.323557e+01 7.341864e+05
-7.169124e+02 8.287832e+01 3.322657e+01 7.339877e+05
-7.168459e+02 8.285686e+01 3.321797e+01 7.337976e+05
-7.167774e+02 8.326901e+01 3.338320e+01 7.374477e+05
-7.167066e+02 8.322599e+01 3.336595e+01 7.370667e+05
-7.166352e+02 8.285323e+01 3.321651e+01 7.337655e+05
-7.165629e+02 8.338746e+01 3.343069e+01 7.384967e+05
-7.164895e+02 8.338858e+01 3.343114e+01 7.385067e+05
-7.164185e+02 8.360052e+01 3.351610e+01 7.403836e+05
-7.163491e+02 8.335921e+01 3.341936e+01 7.382465e+05
-7.162803e+02 8.350303e+01 3.347702e+01 7.395202e+05
-7.162120e+02 8.332891e+01 3.340721e+01 7.379782e+05
-7.161425e+02 8.370769e+01 3.355907e+01 7.413327e+05
-7.160730e+02 8.416904e+01 3.374403e+01 7.454186e+05
-7.160044e+02 8.434890e+01 3.381614e+01 7.470115e+05
-7.159349e+02 8.384713e+01 3.361497e+01 7.425676e+05
-7.158644e+02 8.374237e+01 3.357297e+01 7.416399e+05
-7.157935e+02 8.313371e+01 3.332896e+01 7.362494e+05
-7.157214e+02 8.336819e+01 3.342296e+01 7.383261e+05
-7.156487e+02 8.336541e+01 3.342185e+01 7.383015e+05
-7.155769e+02 8.330221e+01 3.339651e+01 7.377417e+05
-7.155057e+02 8.379526e+01 3.359418e+01 7.421082e+05
-7.154322e+02 8.357585e+01 3.350621e+01 7.401651e+05
-7.153574e+02 8.330489e+01 3.339758e+01 7.377655e+05
-7.152844e+02 8.329317e+01 3.339289e+01 7.376617e+05
-7.152117e+02 8.315268e+01 3.333656e+01 7.364174e+05
-7.151394e+02 8.384434e+01 3.361386e+01 7.425430e+05
-7.150681e+02 8.399150e+01 3.367285e+01 7.438462e+05
-7.149958e+02 8.404343e+01 3.369367e+01 7.443062e+05
-7.149229e+02 8.414929e+01 3.373611e+01 7.452436e+05
-7.148512e+02 8.399208e+01 3.367309e+01 7.438514e+05
-7.147806e+02 8.418253e+01 3.374944e+01 7.455380e+05
-7.147087e+02 8.510027e+01 3.411737e+01 7.536658e+05
-7.146341e+02 8.522455e+01 3.416719e+01 7.547664e+05
-7.145587e+02 8.555131e+01 3.429819e+01 7.576602e+05
-7.144821e+02 8.574061e+01 3.437408e+01 7.593367e+05
-7.144042e+02 8.566980e+01 3.434570e+01 7.587096e+05
-7.143244e+02 8.627567e+01 3.458860e+01 7.640754e+05
-7.142416e+02 8.675688e+01 3.478152e+01 7.683370e+05
-7.141575e+02 8.623386e+01 3.457183e+01 7.637051e+05
-7.140720e+02 8.648958e+01 3.467435e+01 7.659698e+05
-7.139847e+02 8.562646e+01 3.432832e+01 7.583258e+05
-7.138992e+02 8.573854e+01 3.437326e+01 7.593184e+05
-7.138151e+02 8.600254e+01 3.447909e+01 7.616564e+05
-7.137312e+02 8.640890e+01 3.464201e+01 7.652553e+05
-7.136496e+02 8.655582e+01 3.470091e+01 7.665564e+05
-7.135691e+02 8.681196e+01 3.480360e+01 7.688248e+05
-7.134889e+02 8.743746e+01 3.505436e+01 7.743643e+05
-7.134092e+02 8.719962e+01 3.495901e+01 7.722580e+05
-7.133264e+02 8.695302e+01 3.486015e+01 7.700741e+05
-7.132399e+02 8.721344e+01 3.496455e+01 7.723804e+05
-7.131521e+02 8.738746e+01 3.503432e+01 7.739216e+05
-7.130635e+02 8.747507e+01 3.506944e+01 7.746975e+05
-7.129732e+02 8.799456e+01 3.527771e+01 7.792982e+05
-7.128801e+02 8.715534e+01 3.494126e+01 7.718658e+05
-7.127865e+02 8.737528e+01 3.502944e+01 7.738137e+05
-7.126950e+02 8.678695e+01 3.479357e+01 7.686033e+05
-7.126041e+02 8.671553e+01 3.476494e+01 7.679708e+05
-7.125123e+02 8.713052e+01 3.493131e+01 7.716461e+05
-7.124187e+02 8.702151e+01 3.488761e+01 7.706806e+05
-7.123208e+02 8.735442e+01 3.502107e+01 7.736289e+05
-7.122204e+02 8.742675e+01 3.505007e+01 7.742695e+05
-7.121191e+02 8.718016e+01 3.495121e+01 7.720856e+05
-7.120166e+02 8.709837e+01 3.491842e+01 7.713613e+05
-7.119137e+02 8.648808e+01 3.467375e+01 7.659565e+05
-7.118100e+02 8.644505e+01 3.465650e+01 7.655753e+05
-7.117059e+02 8.586944e+01 3.442573e+01 7.604776e+05
-7.116019e+02 8.604207e+01 3.449494e+01 7.620065e+05
-7.114963e+02 8.613520e+01 3.453228e+01 7.628313e+05
-7.113905e+02 8.598203e+01 3.447087e+01 7.614748e+05
-7.112859e+02 8.570359e+01 3.435924e+01 7.590088e+05
-7.111808e+02 8.602950e+01 3.448990e+01 7.618952e+05
-7.110747e+02 8.633712e+01 3.461323e+01 7.646195e+05
-7.109645e+02 8.647628e+01 3.466902e+01 7.658520e+05
-7.108497e+02 8.650695e+01 3.468131e+01 7.661235e+05
-7.107324e+02 8.664926e+01 3.473837e+01 7.673839e+05
-7.106126e+02 8.647548e+01 3.466870e+01 7.658448e+05
-7.104917e+02 8.652354e+01 3.468797e+01 7.662705e+05
-7.103703e+02 8.635160e+01 3.461903e+01 7.647477e+05
-7.102467e+02 8.553464e+01 3.429151e+01 7.575126e+05
-7.101228e+02 8.592404e+01 3.444762e+01 7.609612e+05
-7.100004e+02 8.567723e+01 3.434868e+01 7.587754e+05
-7.098784e+02 8.530269e+01 3.419852e+01 7.554584e+05
-7.097593e+02 8.506833e+01 3.410456e+01 7.533829e+05
-7.096428e+02 8.507081e+01 3.410555e+01 7.534048e+05
-7.095254e+02 8.470011e+01 3.395694e+01 7.501218e+05
-7.094073e+02 8.449328e+01 3.387402e+01 7.482901e+05
-7.092894e+02 8.381632e+01 3.360262e+01 7.422948e+05
-7.091712e+02 8.410789e+01 3.371951e+01 7.448770e+05
-7.090539e+02 8.408762e+01 3.371139e+01 7.446975e+05
-7.089381e+02 8.390013e+01 3.363622e+01 7.430371e+05
-7.088242e+02 8.400151e+01 3.367687e+01 7.439349e+05
-7.087124e+02 8.311456e+01 3.332128e+01 7.360799e+05
-7.086014e+02 8.343012e+01 3.344779e+01 7.388745e+05
-7.084903e+02 8.309453e+01 3.331325e+01 7.359025e+05
-7.083786e+02 8.323139e+01 3.336812e+01 7.371145e+05
-7.082663e+02 8.312810e+01 3.332671e+01 7.361998e+05
-7.081545e+02 8.270099e+01 3.315547e+01 7.324172e+05
-7.080422e+02 8.328524e+01 3.338971e+01 7.375914e+05
-7.079297e+02 8.336361e+01 3.342113e+01 7.382855e+05
-7.078188e+02 8.361433e+01 3.352164e+01 7.405059e+05
-7.077088e+02 8.376118e+01 3.358052e+01 7.418065e+05
-7.075993e+02 8.301393e+01 3.328094e+01 7.351887e+05
-7.074894e+02 8.293268e+01 3.324836e+01 7.344691e+05
-7.073799e+02 8.318758e+01 3.335055e+01 7.367266e+05
-7.072687e+02 8.286694e+01 3.322201e+01 7.338869e+05
-7.071563e+02 8.271586e+01 3.316144e+01 7.325489e+05
-7.070465e+02 8.246066e+01 3.305913e+01 7.302888e+05
-7.069373e+02 8.288745e+01 3.323023e+01 7.340685e+05
-7.068290e+02 8.323294e+01 3.336874e+01 7.371283e+05
-7.067202e+02 8.348171e+01 3.346847e+01 7.393314e+05
-7.066107e+02 8.372111e+01 3.356445e+01 7.414516e+05
-7.065027e+02 8.366249e+01 3.354095e+01 7.409325e+05
-7.063941e+02 8.319523e+01 3.335362e+01 7.367943e+05
-7.062847e+02 8.328629e+01 3.339013e+01 7.376008e+05
-7.061770e+02 8.293790e+01 3.325045e+01 7.345153e+05
-7.060709e+02 8.281020e+01 3.319926e+01 7.333844e+05
-7.059665e+02 8.297452e+01 3.326514e+01 7.348396e+05
-7.058628e+02 8.301075e+01 3.327966e+01 7.351605e+05
-7.057577e+02 8.269963e+01 3.315493e+01 7.324052e+05
-7.056553e+02 8.300230e+01 3.327627e+01 7.350856e+05
-7.055556e+02 8.277955e+01 3.318697e+01 7.331129e+05
-7.054569e+02 8.310201e+01 3.331625e+01 7.359687e+05
-7.053583e+02 8.308140e+01 3.330799e+01 7.357862e+05
-7.052595e+02 8.270364e+01 3.315654e+01 7.324406e+05
-7.051613e+02 8.234709e+01 3.301359e+01 7.292830e+05
-7.050652e+02 8.275048e+01 3.317532e+01 7.328555e+05
-7.049708e+02 8.297958e+01 3.326716e+01 7.348844e+05
-7.048771e+02 8.341717e+01 3.344260e+01 7.387599e+05
-7.047860e+02 8.344438e+01 3.345351e+01 7.390008e+05
-7.046960e+02 8.334096e+01 3.341204e+01 7.380849e+05
-7.046065e+02 8.318925e+01 3.335122e+01 7.367413e+05
-7.045190e+02 8.359295e+01 3.351307e+01 7.403165e+05
-7.044324e+02 8.293365e+01 3.324875e+01 7.344777e+05
-7.043460e+02 8.226872e+01 3.298218e+01 7.285889e+05
-7.042589e+02 8.164010e+01 3.273016e+01 7.230217e+05
-7.041719e+02 8.234719e+01 3.301364e+01 7.292839e+05
-7.040861e+02 8.208188e+01 3.290727e+01 7.269342e+05
-7.040009e+02 8.210248e+01 3.291553e+01 7.271166e+05
-7.039159e+02 8.199933e+01 3.287417e+01 7.262031e+05
-7.038313e+02 8.172418e+01 3.276387e+01 7.237664e+05
-7.037466e+02 8.223085e+01 3.296699e+01 7.282535e+05
-7.036633e+02 8.204868e+01 3.289396e+01 7.266402e+05
-7.035830e+02 8.263410e+01 3.312866e+01 7.318248e+05
-7.035057e+02 8.197051e+01 3.286262e+01 7.259480e+05
-7.034292e+02 8.191551e+01 3.284057e+01 7.254608e+05
-7.033530e+02 8.225266e+01 3.297574e+01 7.284467e+05
-7.032768e+02 8.244264e+01 3.305190e+01 7.301292e+05
-7.031985e+02 8.248672e+01 3.306957e+01 7.305196e+05
-7.031171e+02 8.365188e+01 3.353669e+01 7.408385e+05
-7.030328e+02 8.333691e+01 3.341042e+01 7.380491e+05
-7.029474e+02 8.421555e+01 3.376268e+01 7.458305e+05
-7.028628e+02 8.417651e+01 3.374703e+01 7.454848e+05
-7.027780e+02 8.410125e+01 3.371685e+01 7.448182e+05
-7.026929e+02 8.414781e+01 3.373552e+01 7.452305e+05
-7.026092e+02 8.470999e+01 3.396090e+01 7.502094e+05
-7.025266e+02 8.500863e+01 3.408063e+01 7.528541e+05
-7.024454e+02 8.510191e+01 3.411803e+01 7.536803e+05
-7.023659e+02 8.484777e+01 3.401614e+01 7.514296e+05
-7.022878e+02 8.486077e+01 3.402135e+01 7.515447e+05
-7.022114e+02 8.548932e+01 3.427334e+01 7.571112e+05
-7.021353e+02 8.566547e+01 3.434396e+01 7.586713e+05
-7.020573e+02 8.534880e+01 3.421700e+01 7.558667e+05
-7.019772e+02 8.550792e+01 3.428080e+01 7.572759e+05
-7.018969e+02 8.550508e+01 3.427966e+01 7.572508e+05
-7.018156e+02 8.549649e+01 3.427621e+01 7.571747e+05
-7.017341e+02 8.498457e+01 3.407098e+01 7.526410e+05
-7.016536e+02 8.500725e+01 3.408007e+01 7.528419e+05
-7.015721e+02 8.476040e+01 3.398111e+01 7.506558e+05
-7.014881e+02 8.465412e+01 3.393850e+01 7.497145e+05
-7.014017e+02 8.488688e+01 3.403182e+01 7.517759e+05
-7.013130e+02 8.471336e+01 3.396225e+01 7.502392e+05
-7.012230e+02 8.519409e+01 3.415498e+01 7.544966e+05
-7.011326e+02 8.483047e+01 3.400920e+01 7.512764e+05
-7.010433e+02 8.433931e+01 3.381229e+01 7.469265e+05
-7.009561e+02 8.475214e+01 3.397780e+01 7.505827e+05
-7.008702e+02 8.474764e+01 3.397599e+01 7.505427e+05
-7.007826e+02 8.444041e+01 3.385282e+01 7.478219e+05
-7.006922e+02 8.394679e+01 3.365493e+01 7.434503e+05
-7.005987e+02 8.412239e+01 3.372533e+01 7.450054e+05
-7.005037e+02 8.392853e+01 3.364760e+01 7.432885e+05
-7.004098e+02 8.385645e+01 3.361871e+01 7.426502e+05
-7.003171e+02 8.416657e+01 3.374304e+01 7.453967e+05
-7.002249e+02 8.451746e+01 3.388371e+01 7.485042e+05
-7.001324e+02 8.386672e+01 3.362283e+01 7.427412e+05
-7.000414e+02 8.383630e+01 3.361063e+01 7.424717e+05
-6.999514e+02 8.387125e+01 3.362464e+01 7.427812e+05
-6.998600e+02 8.403993e+01 3.369227e+01 7.442751e+05
-6.997677e+02 8.343061e+01 3.344798e+01 7.388788e+05
-6.996749e+02 8.454784e+01 3.389589e+01 7.487733e+05
-6.995828e+02 8.530597e+01 3.419983e+01 7.554874e+05
-6.994942e+02 8.565509e+01 3.433980e+01 7.585793e+05
-6.994088e+02 8.544531e+01 3.425570e+01 7.567215e+05
-6.993269e+02 8.555024e+01 3.429776e+01 7.576507e+05
-6.992485e+02 8.611859e+01 3.452562e+01 7.626842e+05
-6.991726e+02 8.631036e+01 3.460250e+01 7.643825e+05
-6.990975e+02 8.641175e+01 3.464315e+01 7.652805e+05
-6.990219e+02 8.663991e+01 3.473462e+01 7.673011e+05
-6.989441e+02 8.631899e+01 3.460596e+01 7.644590e+05
-6.988655e+02 8.613661e+01 3.453284e+01 7.628438e+05
-6.987878e+02 8.701186e+01 3.488374e+01 7.705952e+05
-6.987090e+02 8.645780e+01 3.466161e+01 7.656883e+05
-6.986300e+02 8.603545e+01 3.449229e+01 7.619479e+05
-6.985527e+02 8.583224e+01 3.441082e+01 7.601482e+05
-6.984775e+02 8.530386e+01 3.419899e+01 7.554687e+05
-6.984021e+02 8.555220e+01 3.429855e+01 7.576681e+05
-6.983258e+02 8.516469e+01 3.414319e+01 7.542362e+05
-6.982489e+02 8.482721e+01 3.400790e+01 7.512475e+05
-6.981720e+02 8.461542e+01 3.392299e+01 7.493718e+05
-6.980955e+02 8.521556e+01 3.416359e+01 7.546868e+05
-6.980179e+02 8.509302e+01 3.411446e+01 7.536015e+05
-6.979404e+02 8.529263e+01 3.419448e+01 7.553693e+05
-6.978632e+02 8.573483e+01 3.437177e+01 7.592855e+05
-6.977863e+02 8.549693e+01 3.427639e+01 7.571787e+05
-6.977108e+02 8.528005e+01 3.418944e+01 7.552579e+05
-6.976366e+02 8.490317e+01 3.403835e+01 7.519202e+05
-6.975624e+02 8.566170e+01 3.434245e+01 7.586379e+05
-6.974900e+02 8.540457e+01 3.423936e+01 7.563607e+05
-6.974208e+02 8.508856e+01 3.411267e+01 7.535620e+05
-6.973541e+02 8.473070e+01 3.396920e+01 7.503928e+05
-6.972885e+02 8.495012e+01 3.405717e+01 7.523359e+05
-6.972216e+02 8.429225e+01 3.379342e+01 7.465097e+05
-6.971537e+02 8.444490e+01 3.385462e+01 7.478616e+05
-6.970876e+02 8.434964e+01 3.381643e+01 7.470179e+05
-6.970231e+02 8.441011e+01 3.384068e+01 7.475536e+05
-6.969584e+02 8.384121e+01 3.361260e+01 7.425152e+05
-6.968965e+02 8.278894e+01 3.319073e+01 7.331961e+05
-6.968396e+02 8.287842e+01 3.322661e+01 7.339886e+05
-6.967844e+02 8.313204e+01 3.332829e+01 7.362347e+05
-6.967284e+02 8.333095e+01 3.340803e+01 7.379963e+05
-6.966744e+02 8.289332e+01 3.323258e+01 7.341205e+05
-6.966243e+02 8.306518e+01 3.330148e+01 7.356425e+05
-6.965781e+02 8.288738e+01 3.323020e+01 7.340679e+05
-6.965349e+02 8.297766e+01 3.326640e+01 7.348675e+05
-6.964935e+02 8.319599e+01 3.335393e+01 7.368010e+05
-6.964516e+02 8.291978e+01 3.324319e+01 7.343549e+05
-6.964094e+02 8.299832e+01 3.327468e+01 7.350504e+05
-6.963687e+02 8.277721e+01 3.318603e+01 7.330922e+05
-6.963306e+02 8.275836e+01 3.317848e+01 7.329253e+05
-6.962946e+02 8.317809e+01 3.334675e+01 7.366425e+05
-6.962603e+02 8.369790e+01 3.355515e+01 7.412461e+05
-6.962277e+02 8.362869e+01 3.352740e+01 7.406331e+05
-6.961965e+02 8.380280e+01 3.359720e+01 7.421750e+05
-6.961687e+02 8.408233e+01 3.370926e+01 7.446506e+05
-6.961449e+02 8.430477e+01 3.379844e+01 7.466206e+05
-6.961250e+02 8.401856e+01 3.368370e+01 7.440859e+05
-6.961082e+02 8.340482e+01 3.343765e+01 7.386505e+05
-6.960930e+02 8.383664e+01 3.361077e+01 7.424748e+05
-6.960787e+02 8.398491e+01 3.367021e+01 7.437878e+05
-6.960672e+02 8.486083e+01 3.402137e+01 7.515452e+05
-6.960606e+02 8.483136e+01 3.400956e+01 7.512842e+05
-6.960567e+02 8.474793e+01 3.397611e+01 7.505454e+05
-6.960536e+02 8.410732e+01 3.371929e+01 7.448720e+05
-6.960518e+02 8.368788e+01 3.355113e+01 7.411573e+05
-6.960526e+02 8.413881e+01 3.373191e+01 7.451508e+05
-6.960557e+02 8.421298e+01 3.376165e+01 7.458077e+05
-6.960615e+02 8.418274e+01 3.374952e+01 7.455399e+05
-6.960706e+02 8.434088e+01 3.381292e+01 7.469404e+05
-6.960825e+02 8.368277e+01 3.354908e+01 7.411120e+05
-6.960943e+02 8.406740e+01 3.370328e+01 7.445184e+05
-6.961067e+02 8.361359e+01 3.352135e+01 7.404994e+05
-6.961208e+02 8.388302e+01 3.362936e+01 7.428855e+05
-6.961355e+02 8.370378e+01 3.355750e+01 7.412981e+05
-6.961530e+02 8.279962e+01 3.319502e+01 7.332907e+05
-6.961730e+02 8.298531e+01 3.326946e+01 7.349352e+05
-6.961935e+02 8.310682e+01 3.331818e+01 7.360113e+05
-6.962167e+02 8.336104e+01 3.342009e+01 7.382627e+05
-6.962408e+02 8.361612e+01 3.352236e+01 7.405218e+05
-6.962638e+02 8.382919e+01 3.360778e+01 7.424088e+05
-6.962865e+02 8.367556e+01 3.354619e+01 7.410482e+05
-6.963089e+02 8.353320e+01 3.348911e+01 7.397874e+05
-6.963329e+02 8.412248e+01 3.372536e+01 7.450062e+05
-6.963587e+02 8.348041e+01 3.346795e+01 7.393199e+05
-6.963850e+02 8.398341e+01 3.366961e+01 7.437745e+05
-6.964136e+02 8.365162e+01 3.353659e+01 7.408361e+05
-6.964430e+02 8.393384e+01 3.364973e+01 7.433355e+05
-6.964712e+02 8.435701e+01 3.381939e+01 7.470833e+05
-6.964998e+02 8.475596e+01 3.397933e+01 7.506165e+05
-6.965291e+02 8.450520e+01 3.387880e+01 7.483957e+05
-6.965589e+02 8.426116e+01 3.378096e+01 7.462344e+05
-6.965895e+02 8.404563e+01 3.369455e+01 7.443256e+05
-6.966184e+02 8.441904e+01 3.384426e+01 7.476326e+05
-6.966436e+02 8.444942e+01 3.385644e+01 7.479017e+05
-6.966693e+02 8.439949e+01 3.383642e+01 7.474595e+05
-6.966965e+02 8.460404e+01 3.391842e+01 7.492710e+05
-6.967234e+02 8.495746e+01 3.406011e+01 7.524009e+05
-6.967497e+02 8.546148e+01 3.426218e+01 7.568646e+05
-6.967755e+02 8.585314e+01 3.441920e+01 7.603333e+05
-6.968006e+02 8.616255e+01 3.454324e+01 7.630735e+05
-6.968260e+02 8.645213e+01 3.465934e+01 7.656381e+05
-6.968512e+02 8.666441e+01 3.474444e+01 7.675181e+05
-6.968748e+02 8.679452e+01 3.479660e+01 7.686703e+05
-6.968976e+02 8.750962e+01 3.508329e+01 7.750035e+05
-6.969211e+02 8.785605e+01 3.522218e+01 7.780715e+05
-6.969467e+02 8.814129e+01 3.533654e+01 7.805976e+05
-6.969732e+02 8.796472e+01 3.526575e+01 7.790339e+05
-6.970014e+02 8.769162e+01 3.515626e+01 7.766153e+05
-6.970311e+02 8.751008e+01 3.508348e+01 7.750075e+05
-6.970607e+02 8.809917e+01 3.531965e+01 7.802246e+05
-6.970883e+02 8.833182e+01 3.541292e+01 7.822850e+05
-6.971147e+02 8.851773e+01 3.548745e+01 7.839315e+05
-6.971418e+02 8.856251e+01 3.550541e+01 7.843281e+05
-6.971693e+02 8.870244e+01 3.556150e+01 7.855673e+05
-6.971976e+02 8.814964e+01 3.533988e+01 7.806716e+05
-6.972264e+02 8.881733e+01 3.560756e+01 7.865848e+05
-6.972552e+02 8.850890e+01 3.548391e+01 7.838533e+05
-6.972819e+02 8.875797e+01 3.558377e+01 7.860591e+05
-6.973049e+02 8.931553e+01 3.580730e+01 7.909969e+05
-6.973263e+02 8.868070e+01 3.555279e+01 7.853748e+05
-6.973469e+02 8.844560e+01 3.545853e+01 7.832926e+05
-6.973649e+02 8.831422e+01 3.540586e+01 7.821291e+05
-6.973817e+02 8.870565e+01 3.556279e+01 7.855958e+05
-6.974001e+02 8.856876e+01 3.550791e+01 7.843834e+05
-6.974183e+02 8.849916e+01 3.548001e+01 7.837670e+05
-6.974347e+02 8.864902e+01 3.554009e+01 7.850942e+05
-6.974490e+02 8.845597e+01 3.546269e+01 7.833845e+05
-6.974595e+02 8.935626e+01 3.582362e+01 7.913576e+05
-6.974681e+02 8.920413e+01 3.576264e+01 7.900104e+05
-6.974777e+02 8.902554e+01 3.569104e+01 7.884288e+05
-6.974880e+02 8.973006e+01 3.597349e+01 7.946682e+05
-6.974979e+02 9.032387e+01 3.621155e+01 7.999270e+05
-6.975075e+02 9.032134e+01 3.621053e+01 7.999046e+05
-6.975165e+02 9.002043e+01 3.608990e+01 7.972397e+05
-6.975234e+02 8.978835e+01 3.599686e+01 7.951844e+05
-6.975281e+02 8.972234e+01 3.597039e+01 7.945997e+05
-6.975315e+02 8.973946e+01 3.597725e+01 7.947514e+05
-6.975325e+02 8.965656e+01 3.594402e+01 7.940172e+05
-6.975311e+02 9.014089e+01 3.613819e+01 7.983065e+05
-6.975286e+02 9.023103e+01 3.617433e+01 7.991048e+05
-6.975245e+02 9.017064e+01 3.615012e+01 7.985700e+05
-6.975212e+02 8.982978e+01 3.601346e+01 7.955512e+05
-6.975200e+02 8.970547e+01 3.596363e+01 7.944503e+05
-6.975196e+02 9.002404e+01 3.609135e+01 7.972717e+05
-6.975190e+02 9.078100e+01 3.639482e+01 8.039755e+05
-6.975170e+02 9.024029e+01 3.617804e+01 7.991868e+05
-6.975127e+02 9.060793e+01 3.632543e+01 8.024427e+05
-6.975060e+02 9.038286e+01 3.623520e+01 8.004494e+05
-6.974980e+02 9.075619e+01 3.638487e+01 8.037557e+05
-6.974885e+02 9.133086e+01 3.661526e+01 8.088451e+05
-6.974780e+02 9.043084e+01 3.625443e+01 8.008744e+05
-6.974673e+02 9.045239e+01 3.626307e+01 8.010652e+05
-6.974560e+02 9.022937e+01 3.617366e+01 7.990901e+05
-6.974434e+02 9.048248e+01 3.627514e+01 8.013317e+05
-6.974287e+02 8.981982e+01 3.600947e+01 7.954630e+05
-6.974133e+02 8.973162e+01 3.597411e+01 7.946819e+05
-6.973990e+02 8.992675e+01 3.605234e+01 7.964100e+05
-6.973845e+02 9.051058e+01 3.628640e+01 8.015805e+05
-6.973675e+02 9.025718e+01 3.618481e+01 7.993364e+05
-6.973483e+02 9.022679e+01 3.617263e+01 7.990672e+05
-6.973275e+02 9.016809e+01 3.614909e+01 7.985474e+05
-6.973056e+02 8.998421e+01 3.607538e+01 7.969189e+05
-6.972847e+02 8.995298e+01 3.606285e+01 7.966423e+05
-6.972645e+02 8.903857e+01 3.569626e+01 7.885441e+05
-6.972434e+02 8.899875e+01 3.568030e+01 7.881915e+05
-6.972205e+02 8.873227e+01 3.557346e+01 7.858315e+05
-6.971970e+02 8.977923e+01 3.599320e+01 7.951036e+05
-6.971727e+02 8.939576e+01 3.583946e+01 7.917075e+05
-6.971466e+02 8.975972e+01 3.598537e+01 7.949308e+05
-6.971197e+02 8.980099e+01 3.600192e+01 7.952963e+05
-6.970925e+02 8.983574e+01 3.601585e+01 7.956041e+05
-6.970650e+02 8.910608e+01 3.572333e+01 7.891420e+05
-6.970351e+02 8.972308e+01 3.597069e+01 7.946063e+05
-6.970036e+02 9.013592e+01 3.613620e+01 7.982625e+05
-6.969718e+02 8.947383e+01 3.587076e+01 7.923988e+05
-6.969384e+02 8.926716e+01 3.578790e+01 7.905685e+05
-6.969031e+02 8.934138e+01 3.581766e+01 7.912259e+05
-6.968656e+02 8.869177e+01 3.555723e+01 7.854728e+05
-6.968243e+02 8.880169e+01 3.560129e+01 7.864463e+05
-6.967814e+02 8.860773e+01 3.552354e+01 7.847286e+05
-6.967384e+02 8.872454e+01 3.557036e+01 7.857630e+05
-6.966933e+02 8.871474e+01 3.556644e+01 7.856762e+05
-6.966480e+02 8.964048e+01 3.593757e+01 7.938747e+05
-6.966044e+02 8.910444e+01 3.572267e+01 7.891275e+05
-6.965611e+02 8.854234e+01 3.549732e+01 7.841494e+05
-6.965159e+02 8.909161e+01 3.571753e+01 7.890139e+05
-6.964673e+02 8.952253e+01 3.589028e+01 7.928302e+05
-6.964169e+02 8.892086e+01 3.564907e+01 7.875017e+05
-6.963656e+02 8.938125e+01 3.583365e+01 7.915790e+05
-6.963131e+02 8.985291e+01 3.602274e+01 7.957561e+05
-6.962582e+02 9.010948e+01 3.612560e+01 7.980283e+05
-6.962009e+02 9.019458e+01 3.615972e+01 7.987820e+05
-6.961436e+02 9.046709e+01 3.626897e+01 8.011954e+05
-6.960877e+02 8.987502e+01 3.603160e+01 7.959519e+05
-6.960314e+02 8.991061e+01 3.604587e+01 7.962671e+05
-6.959731e+02 8.908958e+01 3.571671e+01 7.889959e+05
-6.959120e+02 8.871851e+01 3.556795e+01 7.857096e+05
-6.958484e+02 8.834516e+01 3.541827e+01 7.824032e+05
-6.957859e+02 8.765669e+01 3.514225e+01 7.763059e+05
-6.957245e+02 8.805197e+01 3.530073e+01 7.798066e+05
-6.956611e+02 8.766027e+01 3.514369e+01 7.763376e+05
-6.955959e+02 8.754271e+01 3.509656e+01 7.752965e+05
-6.955306e+02 8.830611e+01 3.540261e+01 7.820573e+05
-6.954671e+02 8.840653e+01 3.544287e+01 7.829466e+05
-6.954050e+02 8.816869e+01 3.534752e+01 7.808403e+05
-6.953415e+02 8.742200e+01 3.504816e+01 7.742274e+05
-6.952751e+02 8.781502e+01 3.520573e+01 7.777082e+05
-6.952062e+02 8.827760e+01 3.539118e+01 7.818048e+05
-6.951366e+02 8.756866e+01 3.510696e+01 7.755263e+05
-6.950669e+02 8.766648e+01 3.514618e+01 7.763926e+05
-6.949965e+02 8.775192e+01 3.518043e+01 7.771493e+05
-6.949238e+02 8.807796e+01 3.531115e+01 7.800368e+05
-6.948487e+02 8.772259e+01 3.516868e+01 7.768895e+05
-6.947707e+02 8.772879e+01 3.517116e+01 7.769445e+05
-6.946896e+02 8.769692e+01 3.515838e+01 7.766622e+05
-6.946063e+02 8.764640e+01 3.513813e+01 7.762148e+05
-6.945230e+02 8.784618e+01 3.521822e+01 7.779841e+05
-6.944394e+02 8.759660e+01 3.511816e+01 7.757737e+05
-6.943536e+02 8.769554e+01 3.515783e+01 7.766500e+05
-6.942674e+02 8.783893e+01 3.521532e+01 7.779199e+05
-6.941822e+02 8.854236e+01 3.549733e+01 7.841496e+05
-6.940967e+02 8.920197e+01 3.576177e+01 7.899912e+05
-6.940105e+02 8.966739e+01 3.594836e+01 7.941131e+05
-6.939226e+02 8.909421e+01 3.571857e+01 7.890369e+05
-6.938321e+02 8.968192e+01 3.595418e+01 7.942418e+05
-6.937412e+02 8.985861e+01 3.602502e+01 7.958066e+05
-6.936510e+02 8.986877e+01 3.602910e+01 7.958966e+05
-6.935617e+02 8.913401e+01 3.573452e+01 7.893893e+05
-6.934712e+02 8.930965e+01 3.580494e+01 7.909449e+05
-6.933778e+02 9.001431e+01 3.608744e+01 7.971855e+05
-6.932814e+02 9.043978e+01 3.625802e+01 8.009535e+05
-6.931827e+02 9.027446e+01 3.619174e+01 7.994895e+05
-6.930848e+02 9.049392e+01 3.627972e+01 8.014330e+05
-6.929894e+02 9.009512e+01 3.611984e+01 7.979011e+05
-6.928970e+02 9.002923e+01 3.609342e+01 7.973176e+05
-6.928057e+02 8.975156e+01 3.598211e+01 7.948585e+05
-6.927144e+02 8.949670e+01 3.587993e+01 7.926014e+05
-6.926219e+02 8.994329e+01 3.605897e+01 7.965565e+05
-6.925283e+02 8.984093e+01 3.601793e+01 7.956500e+05
-6.924353e+02 8.929216e+01 3.579793e+01 7.907899e+05
-6.923446e+02 8.904352e+01 3.569825e+01 7.885880e+05
-6.922552e+02 8.903683e+01 3.569556e+01 7.885287e+05
-6.921675e+02 8.824265e+01 3.537717e+01 7.814953e+05
-6.920815e+02 8.828713e+01 3.539500e+01 7.818892e+05
-6.919941e+02 8.802267e+01 3.528898e+01 7.795471e+05
-6.919050e+02 8.791911e+01 3.524746e+01 7.786300e+05
-6.918144e+02 8.792915e+01 3.525149e+01 7.787188e+05
-6.917206e+02 8.728546e+01 3.499343e+01 7.730182e+05
-6.916247e+02 8.728756e+01 3.499427e+01 7.730368e+05
-6.915274e+02 8.764878e+01 3.513908e+01 7.762358e+05
-6.914317e+02 8.801743e+01 3.528688e+01 7.795007e+05
-6.913403e+02 8.824125e+01 3.537661e+01 7.814829e+05
-6.912494e+02 8.853443e+01 3.549415e+01 7.840793e+05
-6.911557e+02 8.922106e+01 3.576942e+01 7.901603e+05
-6.910605e+02 8.907411e+01 3.571051e+01 7.888589e+05
-6.909649e+02 8.925602e+01 3.578344e+01 7.904699e+05
-6.908681e+02 8.861861e+01 3.552790e+01 7.848249e+05
-6.907727e+02 8.841098e+01 3.544466e+01 7.829861e+05
-6.906791e+02 8.820277e+01 3.536118e+01 7.811421e+05
-6.905862e+02 8.816186e+01 3.534478e+01 7.807798e+05
-6.904932e+02 8.768072e+01 3.515189e+01 7.765188e+05
-6.904019e+02 8.876705e+01 3.558741e+01 7.861395e+05
-6.903123e+02 8.886116e+01 3.562514e+01 7.869730e+05
-6.902247e+02 8.865540e+01 3.554265e+01 7.851507e+05
-6.901408e+02 8.946840e+01 3.586858e+01 7.923508e+05
-6.900552e+02 9.011603e+01 3.612823e+01 7.980864e+05
-6.899688e+02 8.975367e+01 3.598295e+01 7.948772e+05
-6.898853e+02 8.988604e+01 3.603602e+01 7.960495e+05
-6.898026e+02 9.041555e+01 3.624830e+01 8.007390e+05
-6.897206e+02 9.048618e+01 3.627662e+01 8.013645e+05
-6.896417e+02 9.066951e+01 3.635012e+01 8.029881e+05
-6.895639e+02 9.045374e+01 3.626362e+01 8.010772e+05
-6.894875e+02 9.009475e+01 3.611969e+01 7.978979e+05
-6.894144e+02 9.012492e+01 3.613179e+01 7.981651e+05
-6.893443e+02 9.078183e+01 3.639515e+01 8.039828e+05
-6.892753e+02 8.993450e+01 3.605545e+01 7.964787e+05
-6.892085e+02 8.977938e+01 3.599326e+01 7.951049e+05
-6.891448e+02 8.959616e+01 3.591980e+01 7.934823e+05
-6.890827e+02 9.010753e+01 3.612482e+01 7.980111e+05
-6.890222e+02 8.989557e+01 3.603984e+01 7.961339e+05
-6.889639e+02 8.976406e+01 3.598712e+01 7.949692e+05
-6.889100e+02 8.910890e+01 3.572446e+01 7.891669e+05
-6.888591e+02 8.910366e+01 3.572236e+01 7.891206e+05
-6.888096e+02 8.955112e+01 3.590175e+01 7.930834e+05
-6.887629e+02 8.944234e+01 3.585813e+01 7.921200e+05
-6.887196e+02 8.892340e+01 3.565009e+01 7.875242e+05
-6.886783e+02 8.925967e+01 3.578490e+01 7.905023e+05
-6.886384e+02 8.895955e+01 3.566458e+01 7.878444e+05
-6.886010e+02 8.848564e+01 3.547459e+01 7.836472e+05
-6.885670e+02 8.847417e+01 3.546999e+01 7.835456e+05
-6.885348e+02 8.874370e+01 3.557805e+01 7.859327e+05
-6.885033e+02 8.892456e+01 3.565055e+01 7.875344e+05
-6.884739e+02 8.870528e+01 3.556264e+01 7.855924e+05
-6.884485e+02 8.775988e+01 3.518363e+01 7.772198e+05
-6.884269e+02 8.776743e+01 3.518665e+01 7.772867e+05
-6.884081e+02 8.792847e+01 3.525121e+01 7.787129e+05
-6.883920e+02 8.819201e+01 3.535687e+01 7.810468e+05
-6.883777e+02 8.723838e+01 3.497455e+01 7.726013e+05
