#E_pot  E_kin  T  P
-2.041546e+02 1.162541e+02 4.660717e+01 1.029570e+06
-2.041538e+02 1.159935e+02 4.650270e+01 1.027262e+06
-2.041512e+02 1.162706e+02 4.661381e+01 1.029717e+06
-2.041468e+02 1.158473e+02 4.644409e+01 1.025968e+06
-2.041409e+02 1.166726e+02 4.677498e+01 1.033277e+06
-2.041332e+02 1.166767e+02 4.677660e+01 1.033313e+06
-2.041237e+02 1.166478e+02 4.676502e+01 1.033057e+06
-2.041126e+02 1.169726e+02 4.689525e+01 1.035934e+06
-2.040997e+02 1.167515e+02 4.680661e+01 1.033976e+06
-2.040851e+02 1.170905e+02 4.694250e+01 1.036978e+06
-2.040688e+02 1.162398e+02 4.660146e+01 1.029444e+06
-2.040507e+02 1.159214e+02 4.647379e+01 1.026624e+06
-2.040308e+02 1.149902e+02 4.610048e+01 1.018377e+06
-2.040089e+02 1.149927e+02 4.610146e+01 1.018399e+06
-2.039853e+02 1.154758e+02 4.629517e+01 1.022678e+06
-2.039603e+02 1.150692e+02 4.613214e+01 1.019077e+06
-2.039339e+02 1.145679e+02 4.593117e+01 1.014637e+06
-2.039058e+02 1.145418e+02 4.592071e+01 1.014406e+06
-2.038762e+02 1.146381e+02 4.595931e+01 1.015259e+06
-2.038448e+02 1.135260e+02 4.551348e+01 1.005410e+06
-2.038118e+02 1.135235e+02 4.551246e+01 1.005388e+06
-2.037772e+02 1.132782e+02 4.541412e+01 1.003215e+06
-2.037410e+02 1.133687e+02 4.545041e+01 1.004017e+06
-2.037033e+02 1.131853e+02 4.537687e+01 1.002392e+06
-2.036641e+02 1.132092e+02 4.538647e+01 1.002605e+06
-2.036234e+02 1.128034e+02 4.522376e+01 9.990101e+05
-2.035811e+02 1.129601e+02 4.528659e+01 1.000398e+06
-2.035375e+02 1.126224e+02 4.515119e+01 9.974072e+05
-2.034925e+02 1.125693e+02 4.512992e+01 9.969373e+05
-2.034458e+02 1.133250e+02 4.543287e+01 1.003629e+06
-2.033976e+02 1.132937e+02 4.542035e+01 1.003353e+06
-2.033482e+02 1.128672e+02 4.524934e+01 9.995754e+05
-2.032974e+02 1.134323e+02 4.547591e+01 1.004580e+06
-2.032449e+02 1.131993e+02 4.538248e+01 1.002516e+06
-2.031909e+02 1.129639e+02 4.528811e+01 1.000432e+06
-2.031353e+02 1.131933e+02 4.538010e+01 1.002464e+06
-2.030781e+02 1.132551e+02 4.540488e+01 1.003011e+06
-2.030192e+02 1.131533e+02 4.536404e+01 1.002109e+06
-2.029587e+02 1.132958e+02 4.542119e+01 1.003372e+06
-2.028968e+02 1.129734e+02 4.529192e+01 1.000516e+06
-2.028336e+02 1.125313e+02 4.511468e+01 9.966006e+05
-2.027686e+02 1.135151e+02 4.550910e+01 1.005314e+06
-2.027023e+02 1.132254e+02 4.539295e+01 1.002748e+06
-2.026346e+02 1.130544e+02 4.532438e+01 1.001233e+06
-2.025652e+02 1.130531e+02 4.532386e+01 1.001222e+06
-2.024944e+02 1.128538e+02 4.524398e+01 9.994568e+05
-2.024221e+02 1.127371e+02 4.519718e+01 9.984230e+05
-2.023480e+02 1.131410e+02 4.535911e+01 1.002000e+06
-2.022727e+02 1.130348e+02 4.531655e+01 1.001060e+06
-2.021962e+02 1.131225e+02 4.535171e+01 1.001837e+06
-2.021181e+02 1.133069e+02 4.542561e+01 1.003469e+06
-2.020383e+02 1.129502e+02 4.528261e+01 1.000310e+06
-2.019574e+02 1.133866e+02 4.545756e+01 1.004175e+06
-2.018751e+02 1.137820e+02 4.561611e+01 1.007677e+06
-2.017912e+02 1.140597e+02 4.572745e+01 1.010137e+06
-2.017055e+02 1.146067e+02 4.594673e+01 1.014981e+06
-2.016183e+02 1.147687e+02 4.601165e+01 1.016415e+06
-2.015295e+02 1.145481e+02 4.592323e+01 1.014462e+06
-2.014393e+02 1.148312e+02 4.603672e+01 1.016969e+06
-2.013478e+02 1.137544e+02 4.560504e+01 1.007433e+06
-2.012551e+02 1.138344e+02 4.563709e+01 1.008141e+06
-2.011608e+02 1.142015e+02 4.578426e+01 1.011392e+06
-2.010649e+02 1.136246e+02 4.555300e+01 1.006283e+06
-2.009681e+02 1.132325e+02 4.539578e+01 1.002810e+06
-2.008703e+02 1.131186e+02 4.535012e+01 1.001802e+06
-2.007719e+02 1.131157e+02 4.534897e+01 1.001776e+06
-2.006725e+02 1.133011e+02 4.542329e+01 1.003418e+06
-2.005720e+02 1.131327e+02 4.535579e+01 1.001927e+06
-2.004700e+02 1.129988e+02 4.530212e+01 1.000741e+06
-2.003663e+02 1.134935e+02 4.550045e+01 1.005122e+06
-2.002606e+02 1.140648e+02 4.572949e+01 1.010182e+06
-2.001527e+02 1.146410e+02 4.596048e+01 1.015285e+06
-2.000430e+02 1.144972e+02 4.590282e+01 1.014011e+06
-1.999320e+02 1.149334e+02 4.607771e+01 1.017874e+06
-1.998199e+02 1.149637e+02 4.608985e+01 1.018143e+06
-1.997069e+02 1.148275e+02 4.603526e+01 1.016937e+06
-1.995926e+02 1.146066e+02 4.594670e+01 1.014980e+06
-1.994770e+02 1.138862e+02 4.565788e+01 1.008600e+06
-1.993610e+02 1.135307e+02 4.551537e+01 1.005452e+06
-1.992441e+02 1.139283e+02 4.567474e+01 1.008973e+06
-1.991259e+02 1.140026e+02 4.570454e+01 1.009631e+06
-1.990068e+02 1.140029e+02 4.570465e+01 1.009633e+06
-1.988862e+02 1.143319e+02 4.583657e+01 1.012547e+06
-1.987637e+02 1.138235e+02 4.563273e+01 1.008045e+06
-1.986399e+02 1.138418e+02 4.564008e+01 1.008207e+06
-1.985157e+02 1.136703e+02 4.557131e+01 1.006688e+06
-1.983907e+02 1.133376e+02 4.543792e+01 1.003741e+06
-1.982644e+02 1.131477e+02 4.536182e+01 1.002060e+06
-1.981372e+02 1.133947e+02 4.546084e+01 1.004247e+06
-1.980088e+02 1.139436e+02 4.568088e+01 1.009108e+06
-1.978794e+02 1.138142e+02 4.562901e+01 1.007962e+06
-1.977497e+02 1.139681e+02 4.569073e+01 1.009326e+06
-1.976194e+02 1.137960e+02 4.562170e+01 1.007801e+06
-1.974881e+02 1.139082e+02 4.566671e+01 1.008795e+06
-1.973560e+02 1.133822e+02 4.545581e+01 1.004136e+06
-1.972226e+02 1.134357e+02 4.547725e+01 1.004610e+06
-1.970877e+02 1.141502e+02 4.576370e+01 1.010938e+06
-1.969514e+02 1.145794e+02 4.593577e+01 1.014739e+06
-1.968148e+02 1.145326e+02 4.591704e+01 1.014325e+06
-1.966784e+02 1.136564e+02 4.556575e+01 1.006565e+06
-1.965412e+02 1.136034e+02 4.554449e+01 1.006095e+06
-1.964032e+02 1.134361e+02 4.547744e+01 1.004614e+06
-1.962650e+02 1.137893e+02 4.561904e+01 1.007742e+06
-1.961260e+02 1.142073e+02 4.578662e+01 1.011444e+06
-1.959853e+02 1.145763e+02 4.593454e+01 1.014712e+06
-1.958438e+02 1.150263e+02 4.611494e+01 1.018697e+06
-1.957014e+02 1.154572e+02 4.628772e+01 1.022513e+06
-1.955571e+02 1.152829e+02 4.621781e+01 1.020969e+06
-1.954126e+02 1.146342e+02 4.595774e+01 1.015224e+06
-1.952689e+02 1.146443e+02 4.596181e+01 1.015314e+06
-1.951251e+02 1.143386e+02 4.583924e+01 1.012607e+06
-1.949815e+02 1.142580e+02 4.580691e+01 1.011892e+06
-1.948370e+02 1.143476e+02 4.584287e+01 1.012687e+06
-1.946907e+02 1.140255e+02 4.571371e+01 1.009834e+06
-1.945432e+02 1.139556e+02 4.568571e+01 1.009215e+06
-1.943956e+02 1.132580e+02 4.540603e+01 1.003037e+06
-1.942483e+02 1.129300e+02 4.527452e+01 1.000131e+06
-1.941011e+02 1.134568e+02 4.548574e+01 1.004797e+06
-1.939538e+02 1.140260e+02 4.571392e+01 1.009838e+06
-1.938070e+02 1.138491e+02 4.564299e+01 1.008271e+06
-1.936603e+02 1.139703e+02 4.569157e+01 1.009344e+06
-1.935131e+02 1.137585e+02 4.560667e+01 1.007469e+06
-1.933658e+02 1.133786e+02 4.545437e+01 1.004104e+06
-1.932184e+02 1.142795e+02 4.581553e+01 1.012083e+06
-1.930714e+02 1.138398e+02 4.563929e+01 1.008189e+06
-1.929251e+02 1.137964e+02 4.562187e+01 1.007805e+06
-1.927805e+02 1.129901e+02 4.529861e+01 1.000664e+06
-1.926369e+02 1.128112e+02 4.522688e+01 9.990791e+05
-1.924934e+02 1.130284e+02 4.531396e+01 1.001003e+06
-1.923511e+02 1.129394e+02 4.527828e+01 1.000215e+06
-1.922102e+02 1.128519e+02 4.524320e+01 9.994397e+05
-1.920703e+02 1.122630e+02 4.500710e+01 9.942242e+05
-1.919308e+02 1.118293e+02 4.483326e+01 9.903840e+05
-1.917919e+02 1.126513e+02 4.516279e+01 9.976634e+05
-1.916541e+02 1.125580e+02 4.512537e+01 9.968367e+05
-1.915176e+02 1.121637e+02 4.496731e+01 9.933450e+05
-1.913826e+02 1.122804e+02 4.501408e+01 9.943784e+05
-1.912482e+02 1.119279e+02 4.487277e+01 9.912568e+05
-1.911138e+02 1.122440e+02 4.499952e+01 9.940567e+05
-1.909800e+02 1.121798e+02 4.497378e+01 9.934880e+05
-1.908466e+02 1.124181e+02 4.506929e+01 9.955979e+05
-1.907136e+02 1.125597e+02 4.512605e+01 9.968517e+05
-1.905824e+02 1.123486e+02 4.504145e+01 9.949829e+05
-1.904528e+02 1.123131e+02 4.502721e+01 9.946684e+05
-1.903241e+02 1.114898e+02 4.469714e+01 9.873770e+05
-1.901962e+02 1.118140e+02 4.482710e+01 9.902478e+05
-1.900697e+02 1.123880e+02 4.505722e+01 9.953312e+05
-1.899437e+02 1.124530e+02 4.508331e+01 9.959076e+05
-1.898182e+02 1.121115e+02 4.494638e+01 9.928829e+05
-1.896937e+02 1.119685e+02 4.488907e+01 9.916168e+05
-1.895709e+02 1.121985e+02 4.498128e+01 9.936537e+05
-1.894501e+02 1.117660e+02 4.480787e+01 9.898230e+05
-1.893313e+02 1.115351e+02 4.471532e+01 9.877785e+05
-1.892143e+02 1.121756e+02 4.497207e+01 9.934503e+05
-1.890990e+02 1.127139e+02 4.518790e+01 9.982182e+05
-1.889850e+02 1.134223e+02 4.547188e+01 1.004491e+06
-1.888721e+02 1.141804e+02 4.577580e+01 1.011205e+06
-1.887607e+02 1.150921e+02 4.614134e+01 1.019280e+06
-1.886511e+02 1.148572e+02 4.604715e+01 1.017199e+06
-1.885434e+02 1.155219e+02 4.631365e+01 1.023086e+06
-1.884378e+02 1.153499e+02 4.624468e+01 1.021563e+06
-1.883331e+02 1.154425e+02 4.628182e+01 1.022383e+06
-1.882282e+02 1.148875e+02 4.605931e+01 1.017468e+06
-1.881249e+02 1.151675e+02 4.617155e+01 1.019947e+06
-1.880237e+02 1.149634e+02 4.608973e+01 1.018140e+06
-1.879243e+02 1.150728e+02 4.613361e+01 1.019109e+06
-1.878250e+02 1.148534e+02 4.604562e+01 1.017165e+06
-1.877258e+02 1.150646e+02 4.613031e+01 1.019036e+06
-1.876283e+02 1.152210e+02 4.619302e+01 1.020422e+06
-1.875319e+02 1.158039e+02 4.642669e+01 1.025583e+06
-1.874359e+02 1.157497e+02 4.640497e+01 1.025104e+06
-1.873419e+02 1.152225e+02 4.619362e+01 1.020435e+06
-1.872502e+02 1.147648e+02 4.601012e+01 1.016381e+06
-1.871597e+02 1.146690e+02 4.597170e+01 1.015532e+06
-1.870702e+02 1.147018e+02 4.598486e+01 1.015823e+06
-1.869842e+02 1.142176e+02 4.579074e+01 1.011535e+06
-1.869024e+02 1.142204e+02 4.579185e+01 1.011560e+06
-1.868209e+02 1.143475e+02 4.584279e+01 1.012685e+06
-1.867390e+02 1.142580e+02 4.580694e+01 1.011893e+06
-1.866578e+02 1.145767e+02 4.593470e+01 1.014715e+06
-1.865770e+02 1.138711e+02 4.565181e+01 1.008466e+06
-1.864978e+02 1.141612e+02 4.576812e+01 1.011035e+06
-1.864190e+02 1.137173e+02 4.559015e+01 1.007104e+06
-1.863407e+02 1.141769e+02 4.577441e+01 1.011174e+06
-1.862641e+02 1.142573e+02 4.580666e+01 1.011887e+06
-1.861893e+02 1.141729e+02 4.577283e+01 1.011139e+06
-1.861160e+02 1.145839e+02 4.593760e+01 1.014779e+06
-1.860452e+02 1.142635e+02 4.580914e+01 1.011941e+06
-1.859765e+02 1.138868e+02 4.565813e+01 1.008606e+06
-1.859079e+02 1.137059e+02 4.558561e+01 1.007004e+06
-1.858402e+02 1.143287e+02 4.583526e+01 1.012519e+06
-1.857744e+02 1.140076e+02 4.570655e+01 1.009675e+06
-1.857109e+02 1.139653e+02 4.568957e+01 1.009300e+06
-1.856492e+02 1.132854e+02 4.541700e+01 1.003279e+06
-1.855902e+02 1.130547e+02 4.532453e+01 1.001236e+06
-1.855325e+02 1.125256e+02 4.511240e+01 9.965501e+05
-1.854759e+02 1.119872e+02 4.489656e+01 9.917822e+05
-1.854218e+02 1.121195e+02 4.494957e+01 9.929533e+05
-1.853690e+02 1.117819e+02 4.481424e+01 9.899637e+05
-1.853170e+02 1.116258e+02 4.475167e+01 9.885815e+05
-1.852653e+02 1.117083e+02 4.478474e+01 9.893121e+05
-1.852136e+02 1.113815e+02 4.465371e+01 9.864177e+05
-1.851629e+02 1.116086e+02 4.474476e+01 9.884290e+05
-1.851147e+02 1.127079e+02 4.518550e+01 9.981651e+05
-1.850691e+02 1.122205e+02 4.499007e+01 9.938479e+05
-1.850258e+02 1.112796e+02 4.461288e+01 9.855157e+05
-1.849840e+02 1.116671e+02 4.476822e+01 9.889472e+05
-1.849426e+02 1.110476e+02 4.451985e+01 9.834605e+05
-1.849019e+02 1.111337e+02 4.455437e+01 9.842230e+05
-1.848636e+02 1.106664e+02 4.436701e+01 9.800843e+05
-1.848285e+02 1.101909e+02 4.417640e+01 9.758737e+05
-1.847957e+02 1.100132e+02 4.410516e+01 9.743000e+05
-1.847644e+02 1.093834e+02 4.385268e+01 9.687225e+05
-1.847348e+02 1.097688e+02 4.400716e+01 9.721351e+05
-1.847070e+02 1.090904e+02 4.373522e+01 9.661277e+05
-1.846805e+02 1.096277e+02 4.395062e+01 9.708862e+05
-1.846552e+02 1.106600e+02 4.436444e+01 9.800276e+05
-1.846308e+02 1.110331e+02 4.451405e+01 9.833325e+05
-1.846074e+02 1.109394e+02 4.447648e+01 9.825026e+05
-1.845858e+02 1.106829e+02 4.437365e+01 9.802309e+05
-1.845654e+02 1.107590e+02 4.440417e+01 9.809052e+05
-1.845470e+02 1.105667e+02 4.432706e+01 9.792018e+05
-1.845304e+02 1.107920e+02 4.441739e+01 9.811973e+05
-1.845157e+02 1.106614e+02 4.436501e+01 9.800401e+05
-1.845026e+02 1.106026e+02 4.434143e+01 9.795193e+05
-1.844911e+02 1.105160e+02 4.430675e+01 9.787531e+05
-1.844822e+02 1.102476e+02 4.419914e+01 9.763759e+05
-1.844741e+02 1.106231e+02 4.434966e+01 9.797010e+05
-1.844670e+02 1.101743e+02 4.416972e+01 9.757261e+05
-1.844619e+02 1.106698e+02 4.436840e+01 9.801149e+05
-1.844591e+02 1.112006e+02 4.458121e+01 9.848159e+05
-1.844575e+02 1.118706e+02 4.484979e+01 9.907490e+05
-1.844571e+02 1.111631e+02 4.456615e+01 9.844833e+05
-1.844589e+02 1.113768e+02 4.465183e+01 9.863761e+05
-1.844616e+02 1.117331e+02 4.479468e+01 9.895318e+05
-1.844652e+02 1.120915e+02 4.493835e+01 9.927054e+05
-1.844700e+02 1.115923e+02 4.473822e+01 9.882846e+05
-1.844749e+02 1.120116e+02 4.490631e+01 9.919977e+05
-1.844799e+02 1.118605e+02 4.484574e+01 9.906596e+05
-1.844858e+02 1.113751e+02 4.465114e+01 9.863608e+05
-1.844932e+02 1.113179e+02 4.462824e+01 9.858549e+05
-1.845017e+02 1.112601e+02 4.460503e+01 9.853423e+05
-1.845116e+02 1.109177e+02 4.446778e+01 9.823103e+05
-1.845233e+02 1.114496e+02 4.468102e+01 9.870208e+05
-1.845359e+02 1.114012e+02 4.466161e+01 9.865921e+05
-1.845491e+02 1.119281e+02 4.487286e+01 9.912586e+05
-1.845634e+02 1.128014e+02 4.522297e+01 9.989927e+05
-1.845790e+02 1.133112e+02 4.542734e+01 1.003507e+06
-1.845960e+02 1.128997e+02 4.526236e+01 9.998629e+05
-1.846155e+02 1.129305e+02 4.527473e+01 1.000136e+06
-1.846383e+02 1.127482e+02 4.520163e+01 9.985214e+05
-1.846617e+02 1.116716e+02 4.477004e+01 9.889874e+05
-1.846844e+02 1.114972e+02 4.470010e+01 9.874423e+05
-1.847082e+02 1.114476e+02 4.468021e+01 9.870031e+05
-1.847321e+02 1.117961e+02 4.481994e+01 9.900897e+05
-1.847557e+02 1.122473e+02 4.500083e+01 9.940856e+05
-1.847811e+02 1.128160e+02 4.522884e+01 9.991224e+05
-1.848078e+02 1.127785e+02 4.521378e+01 9.987897e+05
-1.848349e+02 1.126818e+02 4.517503e+01 9.979337e+05
-1.848624e+02 1.127373e+02 4.519727e+01 9.984251e+05
-1.848890e+02 1.131528e+02 4.536385e+01 1.002105e+06
-1.849145e+02 1.126962e+02 4.518077e+01 9.980606e+05
-1.849403e+02 1.132580e+02 4.540602e+01 1.003036e+06
-1.849663e+02 1.136281e+02 4.555438e+01 1.006314e+06
-1.849925e+02 1.138784e+02 4.565476e+01 1.008531e+06
-1.850198e+02 1.137765e+02 4.561391e+01 1.007629e+06
-1.850479e+02 1.138494e+02 4.564310e+01 1.008274e+06
-1.850761e+02 1.136256e+02 4.555340e+01 1.006292e+06
-1.851049e+02 1.137213e+02 4.559175e+01 1.007139e+06
-1.851356e+02 1.146319e+02 4.595683e+01 1.015204e+06
-1.851671e+02 1.157288e+02 4.639657e+01 1.024918e+06
-1.851990e+02 1.160492e+02 4.652504e+01 1.027756e+06
-1.852323e+02 1.161379e+02 4.656060e+01 1.028541e+06
-1.852660e+02 1.157657e+02 4.641139e+01 1.025245e+06
-1.853004e+02 1.160441e+02 4.652299e+01 1.027711e+06
-1.853360e+02 1.161866e+02 4.658013e+01 1.028973e+06
-1.853728e+02 1.158466e+02 4.644383e+01 1.025962e+06
-1.854105e+02 1.168112e+02 4.683052e+01 1.034504e+06
-1.854482e+02 1.170406e+02 4.692248e+01 1.036536e+06
-1.854849e+02 1.170702e+02 4.693435e+01 1.036798e+06
-1.855220e+02 1.169940e+02 4.690382e+01 1.036123e+06
-1.855597e+02 1.170065e+02 4.690882e+01 1.036234e+06
-1.855965e+02 1.173598e+02 4.705046e+01 1.039363e+06
-1.856333e+02 1.170858e+02 4.694061e+01 1.036936e+06
-1.856692e+02 1.171962e+02 4.698487e+01 1.037914e+06
-1.857046e+02 1.174739e+02 4.709622e+01 1.040374e+06
-1.857402e+02 1.170588e+02 4.692978e+01 1.036697e+06
-1.857750e+02 1.167624e+02 4.681095e+01 1.034072e+06
-1.858088e+02 1.169949e+02 4.690416e+01 1.036131e+06
-1.858422e+02 1.169483e+02 4.688550e+01 1.035719e+06
-1.858759e+02 1.172289e+02 4.699798e+01 1.038203e+06
-1.859098e+02 1.172347e+02 4.700031e+01 1.038255e+06
-1.859439e+02 1.178248e+02 4.723690e+01 1.043481e+06
-1.859788e+02 1.178323e+02 4.723991e+01 1.043548e+06
-1.860125e+02 1.174863e+02 4.710118e+01 1.040483e+06
-1.860453e+02 1.173443e+02 4.704424e+01 1.039225e+06
-1.860782e+02 1.182401e+02 4.740340e+01 1.047159e+06
-1.861109e+02 1.180094e+02 4.731088e+01 1.045115e+06
-1.861437e+02 1.176313e+02 4.715932e+01 1.041767e+06
-1.861765e+02 1.179639e+02 4.729265e+01 1.044713e+06
-1.862082e+02 1.184500e+02 4.748752e+01 1.049018e+06
-1.862396e+02 1.188511e+02 4.764834e+01 1.052570e+06
-1.862714e+02 1.188411e+02 4.764432e+01 1.052481e+06
-1.863033e+02 1.190859e+02 4.774246e+01 1.054649e+06
-1.863356e+02 1.187697e+02 4.761571e+01 1.051849e+06
-1.863686e+02 1.189653e+02 4.769413e+01 1.053582e+06
-1.864025e+02 1.198815e+02 4.806144e+01 1.061696e+06
-1.864366e+02 1.200604e+02 4.813316e+01 1.063280e+06
-1.864710e+02 1.197619e+02 4.801350e+01 1.060637e+06
-1.865057e+02 1.198910e+02 4.806523e+01 1.061779e+06
-1.865400e+02 1.195532e+02 4.792982e+01 1.058788e+06
-1.865742e+02 1.193627e+02 4.785344e+01 1.057101e+06
-1.866083e+02 1.188387e+02 4.764335e+01 1.052460e+06
-1.866424e+02 1.191641e+02 4.777381e+01 1.055342e+06
-1.866764e+02 1.189867e+02 4.770269e+01 1.053771e+06
-1.867104e+02 1.190515e+02 4.772868e+01 1.054345e+06
-1.867452e+02 1.187085e+02 4.759117e+01 1.051307e+06
-1.867809e+02 1.188138e+02 4.763337e+01 1.052239e+06
-1.868176e+02 1.198933e+02 4.806618e+01 1.061800e+06
-1.868538e+02 1.198861e+02 4.806329e+01 1.061736e+06
-1.868896e+02 1.195269e+02 4.791928e+01 1.058555e+06
-1.869247e+02 1.196608e+02 4.797296e+01 1.059741e+06
-1.869582e+02 1.202733e+02 4.821850e+01 1.065165e+06
-1.869908e+02 1.202914e+02 4.822577e+01 1.065326e+06
-1.870238e+02 1.201829e+02 4.818225e+01 1.064364e+06
-1.870571e+02 1.198956e+02 4.806710e+01 1.061821e+06
-1.870903e+02 1.197273e+02 4.799963e+01 1.060330e+06
-1.871229e+02 1.193261e+02 4.783876e+01 1.056777e+06
-1.871545e+02 1.191387e+02 4.776364e+01 1.055117e+06
-1.871854e+02 1.188902e+02 4.766400e+01 1.052916e+06
-1.872154e+02 1.196779e+02 4.797982e+01 1.059893e+06
-1.872445e+02 1.195225e+02 4.791750e+01 1.058516e+06
-1.872735e+02 1.194967e+02 4.790715e+01 1.058287e+06
-1.873028e+02 1.194322e+02 4.788130e+01 1.057716e+06
-1.873318e+02 1.189843e+02 4.770173e+01 1.053750e+06
-1.873587e+02 1.186718e+02 4.757644e+01 1.050982e+06
-1.873837e+02 1.183341e+02 4.744106e+01 1.047991e+06
-1.874084e+02 1.185290e+02 4.751919e+01 1.049717e+06
-1.874330e+02 1.189693e+02 4.769573e+01 1.053617e+06
-1.874570e+02 1.192584e+02 4.781162e+01 1.056177e+06
-1.874803e+02 1.191176e+02 4.775519e+01 1.054930e+06
-1.875018e+02 1.190776e+02 4.773913e+01 1.054576e+06
-1.875218e+02 1.191530e+02 4.776937e+01 1.055244e+06
-1.875412e+02 1.192675e+02 4.781526e+01 1.056258e+06
-1.875599e+02 1.193347e+02 4.784223e+01 1.056853e+06
-1.875765e+02 1.195281e+02 4.791974e+01 1.058566e+06
-1.875915e+02 1.192065e+02 4.779083e+01 1.055718e+06
-1.876063e+02 1.190533e+02 4.772941e+01 1.054361e+06
-1.876195e+02 1.184688e+02 4.749508e+01 1.049184e+06
-1.876320e+02 1.181366e+02 4.736191e+01 1.046243e+06
-1.876444e+02 1.182429e+02 4.740452e+01 1.047184e+06
-1.876564e+02 1.176710e+02 4.717521e+01 1.042119e+06
-1.876687e+02 1.174631e+02 4.709186e+01 1.040277e+06
-1.876809e+02 1.176116e+02 4.715141e+01 1.041593e+06
-1.876923e+02 1.177330e+02 4.720007e+01 1.042668e+06
-1.877033e+02 1.173972e+02 4.706544e+01 1.039694e+06
-1.877146e+02 1.178323e+02 4.723988e+01 1.043547e+06
-1.877252e+02 1.180521e+02 4.732800e+01 1.045494e+06
-1.877345e+02 1.180026e+02 4.730817e+01 1.045056e+06
-1.877430e+02 1.179153e+02 4.727318e+01 1.044283e+06
-1.877508e+02 1.175904e+02 4.714292e+01 1.041405e+06
-1.877578e+02 1.175035e+02 4.710807e+01 1.040635e+06
-1.877632e+02 1.174183e+02 4.707393e+01 1.039881e+06
-1.877672e+02 1.176670e+02 4.717360e+01 1.042083e+06
-1.877704e+02 1.171097e+02 4.695020e+01 1.037148e+06
-1.877724e+02 1.171144e+02 4.695210e+01 1.037190e+06
-1.877736e+02 1.167134e+02 4.679132e+01 1.033638e+06
-1.877748e+02 1.172150e+02 4.699241e+01 1.038080e+06
-1.877762e+02 1.166938e+02 4.678348e+01 1.033465e+06
-1.877778e+02 1.169893e+02 4.690194e+01 1.036082e+06
-1.877786e+02 1.172931e+02 4.702372e+01 1.038772e+06
-1.877777e+02 1.175367e+02 4.712139e+01 1.040930e+06
-1.877755e+02 1.173612e+02 4.705105e+01 1.039376e+06
-1.877729e+02 1.178163e+02 4.723346e+01 1.043405e+06
-1.877693e+02 1.189696e+02 4.769584e+01 1.053619e+06
-1.877647e+02 1.192250e+02 4.779823e+01 1.055881e+06
-1.877597e+02 1.194728e+02 4.789757e+01 1.058076e+06
-1.877540e+02 1.199133e+02 4.807418e+01 1.061977e+06
-1.877477e+02 1.199419e+02 4.808567e+01 1.062231e+06
-1.877408e+02 1.199939e+02 4.810651e+01 1.062691e+06
-1.877327e+02 1.206394e+02 4.836529e+01 1.068408e+06
-1.877233e+02 1.205410e+02 4.832583e+01 1.067536e+06
-1.877125e+02 1.202058e+02 4.819145e+01 1.064568e+06
-1.877010e+02 1.204788e+02 4.830088e+01 1.066985e+06
-1.876899e+02 1.204256e+02 4.827959e+01 1.066515e+06
-1.876786e+02 1.209060e+02 4.847215e+01 1.070768e+06
-1.876674e+02 1.211309e+02 4.856233e+01 1.072760e+06
-1.876565e+02 1.206414e+02 4.836607e+01 1.068425e+06
-1.876443e+02 1.200952e+02 4.814711e+01 1.063588e+06
-1.876308e+02 1.206078e+02 4.835261e+01 1.068128e+06
-1.876168e+02 1.202525e+02 4.821016e+01 1.064981e+06
-1.876027e+02 1.210431e+02 4.852712e+01 1.071983e+06
-1.875885e+02 1.211954e+02 4.858820e+01 1.073332e+06
-1.875733e+02 1.221814e+02 4.898350e+01 1.082064e+06
-1.875571e+02 1.219729e+02 4.889990e+01 1.080218e+06
-1.875401e+02 1.218791e+02 4.886229e+01 1.079387e+06
-1.875221e+02 1.222115e+02 4.899555e+01 1.082331e+06
-1.875034e+02 1.230261e+02 4.932215e+01 1.089545e+06
-1.874836e+02 1.231488e+02 4.937133e+01 1.090632e+06
-1.874619e+02 1.232754e+02 4.942209e+01 1.091753e+06
-1.874391e+02 1.229223e+02 4.928052e+01 1.088626e+06
-1.874166e+02 1.237483e+02 4.961168e+01 1.095941e+06
-1.873949e+02 1.238396e+02 4.964825e+01 1.096749e+06
-1.873741e+02 1.239499e+02 4.969248e+01 1.097726e+06
-1.873549e+02 1.239028e+02 4.967359e+01 1.097309e+06
-1.873366e+02 1.235862e+02 4.954667e+01 1.094505e+06
-1.873175e+02 1.228049e+02 4.923346e+01 1.087586e+06
-1.872983e+02 1.228700e+02 4.925956e+01 1.088163e+06
-1.872794e+02 1.216391e+02 4.876605e+01 1.077261e+06
-1.872612e+02 1.225200e+02 4.911921e+01 1.085062e+06
-1.872442e+02 1.219190e+02 4.887828e+01 1.079740e+06
-1.872269e+02 1.214215e+02 4.867882e+01 1.075334e+06
-1.872091e+02 1.219841e+02 4.890438e+01 1.080317e+06
-1.871903e+02 1.222384e+02 4.900635e+01 1.082569e+06
-1.871720e+02 1.226377e+02 4.916643e+01 1.086105e+06
-1.871546e+02 1.221650e+02 4.897690e+01 1.081919e+06
-1.871363e+02 1.223793e+02 4.906280e+01 1.083816e+06
-1.871187e+02 1.225722e+02 4.914017e+01 1.085525e+06
-1.871018e+02 1.226803e+02 4.918351e+01 1.086483e+06
-1.870846e+02 1.224312e+02 4.908365e+01 1.084277e+06
-1.870680e+02 1.219322e+02 4.888356e+01 1.079857e+06
-1.870523e+02 1.214397e+02 4.868615e+01 1.075496e+06
-1.870373e+02 1.217823e+02 4.882347e+01 1.078529e+06
-1.870231e+02 1.224005e+02 4.907134e+01 1.084005e+06
-1.870098e+02 1.217193e+02 4.879820e+01 1.077971e+06
-1.869964e+02 1.215096e+02 4.871417e+01 1.076115e+06
-1.869835e+02 1.216586e+02 4.877388e+01 1.077434e+06
-1.869720e+02 1.221987e+02 4.899042e+01 1.082217e+06
-1.869629e+02 1.221751e+02 4.898096e+01 1.082008e+06
-1.869558e+02 1.227504e+02 4.921159e+01 1.087103e+06
-1.869499e+02 1.228865e+02 4.926615e+01 1.088308e+06
-1.869455e+02 1.231607e+02 4.937611e+01 1.090737e+06
-1.869413e+02 1.234671e+02 4.949893e+01 1.093450e+06
-1.869366e+02 1.236351e+02 4.956629e+01 1.094938e+06
-1.869322e+02 1.228733e+02 4.926087e+01 1.088192e+06
-1.869276e+02 1.225335e+02 4.912464e+01 1.085182e+06
-1.869225e+02 1.217932e+02 4.882784e+01 1.078626e+06
-1.869180e+02 1.217992e+02 4.883025e+01 1.078679e+06
-1.869142e+02 1.220902e+02 4.894693e+01 1.081256e+06
-1.869112e+02 1.224107e+02 4.907540e+01 1.084094e+06
-1.869089e+02 1.227202e+02 4.919950e+01 1.086836e+06
-1.869073e+02 1.230045e+02 4.931349e+01 1.089354e+06
-1.869052e+02 1.231369e+02 4.936656e+01 1.090526e+06
-1.869024e+02 1.233963e+02 4.947053e+01 1.092823e+06
-1.868991e+02 1.232325e+02 4.940487e+01 1.091373e+06
-1.868948e+02 1.240108e+02 4.971689e+01 1.098265e+06
-1.868899e+02 1.240301e+02 4.972464e+01 1.098436e+06
-1.868844e+02 1.246858e+02 4.998753e+01 1.104244e+06
-1.868787e+02 1.249562e+02 5.009594e+01 1.106639e+06
-1.868726e+02 1.249084e+02 5.007676e+01 1.106215e+06
-1.868660e+02 1.245983e+02 4.995242e+01 1.103468e+06
-1.868591e+02 1.235971e+02 4.955106e+01 1.094602e+06
-1.868525e+02 1.234258e+02 4.948235e+01 1.093084e+06
-1.868461e+02 1.238054e+02 4.963457e+01 1.096447e+06
-1.868385e+02 1.237789e+02 4.962393e+01 1.096212e+06
-1.868307e+02 1.238917e+02 4.966916e+01 1.097211e+06
-1.868226e+02 1.238892e+02 4.966815e+01 1.097189e+06
-1.868134e+02 1.242113e+02 4.979729e+01 1.100041e+06
-1.868036e+02 1.238893e+02 4.966820e+01 1.097190e+06
-1.867947e+02 1.239608e+02 4.969687e+01 1.097823e+06
-1.867874e+02 1.240461e+02 4.973107e+01 1.098578e+06
-1.867812e+02 1.242386e+02 4.980823e+01 1.100283e+06
-1.867748e+02 1.238448e+02 4.965034e+01 1.096795e+06
-1.867678e+02 1.242818e+02 4.982556e+01 1.100666e+06
-1.867612e+02 1.237958e+02 4.963072e+01 1.096362e+06
-1.867549e+02 1.242348e+02 4.980672e+01 1.100249e+06
-1.867485e+02 1.246860e+02 4.998758e+01 1.104245e+06
-1.867425e+02 1.241027e+02 4.975374e+01 1.099079e+06
-1.867373e+02 1.240992e+02 4.975233e+01 1.099048e+06
-1.867326e+02 1.242357e+02 4.980707e+01 1.100257e+06
-1.867279e+02 1.237919e+02 4.962915e+01 1.096327e+06
-1.867231e+02 1.240982e+02 4.975193e+01 1.099039e+06
-1.867186e+02 1.237172e+02 4.959920e+01 1.095665e+06
-1.867146e+02 1.242363e+02 4.980729e+01 1.100262e+06
-1.867113e+02 1.237424e+02 4.960929e+01 1.095888e+06
-1.867082e+02 1.235185e+02 4.951955e+01 1.093906e+06
-1.867045e+02 1.238820e+02 4.966527e+01 1.097125e+06
-1.867005e+02 1.239097e+02 4.967638e+01 1.097370e+06
-1.866963e+02 1.239773e+02 4.970347e+01 1.097969e+06
-1.866929e+02 1.245377e+02 4.992813e+01 1.102932e+06
-1.866911e+02 1.239956e+02 4.971081e+01 1.098131e+06
-1.866888e+02 1.242189e+02 4.980032e+01 1.100108e+06
-1.866858e+02 1.233154e+02 4.943813e+01 1.092107e+06
-1.866828e+02 1.232804e+02 4.942407e+01 1.091797e+06
-1.866798e+02 1.233663e+02 4.945853e+01 1.092558e+06
-1.866771e+02 1.232539e+02 4.941344e+01 1.091562e+06
-1.866740e+02 1.230310e+02 4.932411e+01 1.089589e+06
-1.866704e+02 1.226681e+02 4.917859e+01 1.086374e+06
-1.866671e+02 1.215943e+02 4.874810e+01 1.076864e+06
-1.866639e+02 1.219691e+02 4.889835e+01 1.080183e+06
-1.866601e+02 1.219998e+02 4.891069e+01 1.080456e+06
-1.866563e+02 1.220074e+02 4.891374e+01 1.080523e+06
-1.866527e+02 1.217540e+02 4.881214e+01 1.078279e+06
-1.866490e+02 1.215812e+02 4.874287e+01 1.076749e+06
-1.866458e+02 1.214104e+02 4.867438e+01 1.075236e+06
-1.866427e+02 1.216013e+02 4.875091e+01 1.076926e+06
-1.866394e+02 1.214227e+02 4.867930e+01 1.075344e+06
-1.866361e+02 1.220120e+02 4.891557e+01 1.080564e+06
-1.866324e+02 1.216297e+02 4.876232e+01 1.077178e+06
-1.866287e+02 1.210569e+02 4.853265e+01 1.072105e+06
-1.866255e+02 1.209401e+02 4.848582e+01 1.071070e+06
-1.866234e+02 1.208288e+02 4.844123e+01 1.070085e+06
-1.866226e+02 1.205391e+02 4.832506e+01 1.067519e+06
-1.866222e+02 1.198445e+02 4.804659e+01 1.061368e+06
-1.866218e+02 1.204086e+02 4.827274e+01 1.066363e+06
-1.866218e+02 1.215000e+02 4.871031e+01 1.076029e+06
-1.866217e+02 1.211409e+02 4.856633e+01 1.072849e+06
-1.866210e+02 1.200888e+02 4.814452e+01 1.063531e+06
-1.866191e+02 1.210169e+02 4.851662e+01 1.071751e+06
-1.866167e+02 1.201874e+02 4.818408e+01 1.064405e+06
-1.866149e+02 1.198179e+02 4.803595e+01 1.061133e+06
-1.866122e+02 1.190303e+02 4.772018e+01 1.054157e+06
-1.866081e+02 1.184297e+02 4.747939e+01 1.048838e+06
-1.866035e+02 1.183802e+02 4.745954e+01 1.048399e+06
-1.865979e+02 1.183998e+02 4.746740e+01 1.048573e+06
-1.865909e+02 1.186881e+02 4.758297e+01 1.051126e+06
-1.865837e+02 1.181601e+02 4.737130e+01 1.046450e+06
-1.865762e+02 1.186492e+02 4.756738e+01 1.050782e+06
-1.865682e+02 1.181825e+02 4.738030e+01 1.046649e+06
-1.865604e+02 1.175573e+02 4.712966e+01 1.041112e+06
-1.865536e+02 1.173286e+02 4.703797e+01 1.039087e+06
-1.865481e+02 1.176940e+02 4.718444e+01 1.042322e+06
-1.865434e+02 1.176741e+02 4.717647e+01 1.042146e+06
-1.865373e+02 1.183403e+02 4.744354e+01 1.048046e+06
-1.865298e+02 1.186462e+02 4.756621e+01 1.050756e+06
-1.865219e+02 1.191319e+02 4.776091e+01 1.055057e+06
-1.865132e+02 1.193244e+02 4.783809e+01 1.056762e+06
-1.865042e+02 1.189868e+02 4.770274e+01 1.053772e+06
-1.864953e+02 1.190479e+02 4.772725e+01 1.054313e+06
-1.864866e+02 1.190221e+02 4.771689e+01 1.054084e+06
-1.864781e+02 1.189809e+02 4.770039e+01 1.053720e+06
-1.864705e+02 1.193233e+02 4.783766e+01 1.056752e+06
-1.864642e+02 1.192969e+02 4.782708e+01 1.056519e+06
-1.864587e+02 1.191067e+02 4.775080e+01 1.054834e+06
-1.864535e+02 1.187025e+02 4.758875e+01 1.051254e+06
-1.864480e+02 1.182664e+02 4.741392e+01 1.047392e+06
-1.864421e+02 1.182059e+02 4.738968e+01 1.046856e+06
-1.864364e+02 1.185252e+02 4.751769e+01 1.049684e+06
-1.864312e+02 1.189256e+02 4.767822e+01 1.053230e+06
-1.864265e+02 1.192179e+02 4.779540e+01 1.055819e+06
-1.864226e+02 1.194216e+02 4.787706e+01 1.057623e+06
-1.864196e+02 1.194072e+02 4.787130e+01 1.057495e+06
-1.864171e+02 1.193449e+02 4.784631e+01 1.056943e+06
-1.864141e+02 1.189239e+02 4.767754e+01 1.053215e+06
-1.864095e+02 1.193854e+02 4.786254e+01 1.057302e+06
-1.864042e+02 1.197203e+02 4.799680e+01 1.060268e+06
-1.863991e+02 1.189424e+02 4.768494e+01 1.053379e+06
-1.863937e+02 1.188933e+02 4.766527e+01 1.052944e+06
-1.863874e+02 1.182706e+02 4.741563e+01 1.047429e+06
-1.863803e+02 1.184595e+02 4.749133e+01 1.049102e+06
-1.863724e+02 1.187489e+02 4.760738e+01 1.051665e+06
-1.863640e+02 1.193246e+02 4.783817e+01 1.056763e+06
-1.863562e+02 1.202482e+02 4.820843e+01 1.064943e+06
-1.863489e+02 1.196952e+02 4.798674e+01 1.060046e+06
-1.863415e+02 1.199702e+02 4.809700e+01 1.062481e+06
-1.863337e+02 1.200542e+02 4.813068e+01 1.063225e+06
-1.863256e+02 1.201284e+02 4.816041e+01 1.063882e+06
-1.863173e+02 1.201229e+02 4.815820e+01 1.063833e+06
-1.863093e+02 1.201903e+02 4.818524e+01 1.064431e+06
-1.863011e+02 1.202310e+02 4.820156e+01 1.064791e+06
-1.862929e+02 1.203427e+02 4.824632e+01 1.065780e+06
-1.862854e+02 1.209922e+02 4.850672e+01 1.071532e+06
-1.862780e+02 1.208295e+02 4.844151e+01 1.070092e+06
-1.862699e+02 1.194570e+02 4.789123e+01 1.057936e+06
-1.862608e+02 1.188901e+02 4.766399e+01 1.052916e+06
-1.862509e+02 1.178291e+02 4.723859e+01 1.043519e+06
-1.862404e+02 1.172857e+02 4.702077e+01 1.038707e+06
-1.862288e+02 1.170739e+02 4.693584e+01 1.036831e+06
-1.862160e+02 1.174804e+02 4.709881e+01 1.040431e+06
-1.862032e+02 1.177236e+02 4.719632e+01 1.042585e+06
-1.861911e+02 1.168842e+02 4.685981e+01 1.035151e+06
-1.861797e+02 1.170962e+02 4.694478e+01 1.037028e+06
-1.861681e+02 1.177740e+02 4.721651e+01 1.043031e+06
-1.861551e+02 1.183006e+02 4.742763e+01 1.047694e+06
-1.861409e+02 1.186443e+02 4.756541e+01 1.050738e+06
-1.861266e+02 1.194237e+02 4.787791e+01 1.057641e+06
-1.861119e+02 1.185240e+02 4.751719e+01 1.049673e+06
-1.860965e+02 1.183214e+02 4.743597e+01 1.047879e+06
-1.860804e+02 1.182917e+02 4.742407e+01 1.047616e+06
-1.860632e+02 1.184482e+02 4.748682e+01 1.049002e+06
-1.860451e+02 1.187172e+02 4.759465e+01 1.051384e+06
-1.860263e+02 1.187039e+02 4.758934e+01 1.051267e+06
-1.860070e+02 1.182567e+02 4.741004e+01 1.047306e+06
-1.859874e+02 1.185378e+02 4.752275e+01 1.049796e+06
-1.859675e+02 1.180402e+02 4.732324e+01 1.045389e+06
-1.859470e+02 1.188731e+02 4.765714e+01 1.052765e+06
-1.859261e+02 1.188378e+02 4.764300e+01 1.052452e+06
-1.859053e+02 1.179708e+02 4.729543e+01 1.044774e+06
-1.858843e+02 1.173283e+02 4.703785e+01 1.039084e+06
-1.858629e+02 1.174671e+02 4.709347e+01 1.040313e+06
-1.858415e+02 1.179057e+02 4.726932e+01 1.044197e+06
-1.858197e+02 1.179392e+02 4.728276e+01 1.044494e+06
-1.857977e+02 1.175751e+02 4.713679e+01 1.041270e+06
-1.857763e+02 1.175481e+02 4.712594e+01 1.041030e+06
-1.857549e+02 1.185175e+02 4.751459e+01 1.049616e+06
-1.857337e+02 1.194923e+02 4.790540e+01 1.058249e+06
-1.857122e+02 1.201300e+02 4.816107e+01 1.063897e+06
-1.856904e+02 1.209049e+02 4.847173e+01 1.070759e+06
-1.856681e+02 1.214874e+02 4.870526e+01 1.075918e+06
-1.856447e+02 1.216011e+02 4.875083e+01 1.076925e+06
-1.856212e+02 1.220526e+02 4.893184e+01 1.080923e+06
-1.855976e+02 1.217938e+02 4.882808e+01 1.078631e+06
-1.855739e+02 1.223696e+02 4.905894e+01 1.083731e+06
-1.855499e+02 1.222913e+02 4.902755e+01 1.083037e+06
-1.855251e+02 1.223678e+02 4.905821e+01 1.083715e+06
-1.854999e+02 1.237281e+02 4.960356e+01 1.095762e+06
-1.854757e+02 1.236751e+02 4.958231e+01 1.095292e+06
-1.854521e+02 1.238980e+02 4.967170e+01 1.097267e+06
-1.854289e+02 1.238596e+02 4.965628e+01 1.096926e+06
-1.854052e+02 1.247449e+02 5.001122e+01 1.104767e+06
-1.853799e+02 1.252744e+02 5.022349e+01 1.109456e+06
-1.853532e+02 1.257504e+02 5.041434e+01 1.113672e+06
-1.853261e+02 1.249544e+02 5.009522e+01 1.106623e+06
-1.852993e+02 1.247902e+02 5.002936e+01 1.105168e+06
-1.852727e+02 1.246235e+02 4.996253e+01 1.103691e+06
-1.852466e+02 1.243028e+02 4.983396e+01 1.100851e+06
-1.852203e+02 1.241732e+02 4.978201e+01 1.099704e+06
-1.851934e+02 1.242620e+02 4.981760e+01 1.100490e+06
-1.851659e+02 1.249999e+02 5.011345e+01 1.107025e+06
-1.851391e+02 1.240010e+02 4.971297e+01 1.098179e+06
-1.851133e+02 1.243421e+02 4.984971e+01 1.101199e+06
-1.850869e+02 1.247155e+02 4.999941e+01 1.104506e+06
-1.850608e+02 1.252304e+02 5.020584e+01 1.109066e+06
-1.850363e+02 1.254538e+02 5.029541e+01 1.111045e+06
-1.850122e+02 1.256489e+02 5.037364e+01 1.112773e+06
-1.849874e+02 1.254580e+02 5.029711e+01 1.111083e+06
-1.849628e+02 1.243479e+02 4.985207e+01 1.101251e+06
-1.849383e+02 1.239544e+02 4.969429e+01 1.097766e+06
-1.849138e+02 1.240120e+02 4.971738e+01 1.098276e+06
-1.848892e+02 1.242578e+02 4.981593e+01 1.100453e+06
-1.848639e+02 1.243232e+02 4.984215e+01 1.101032e+06
-1.848384e+02 1.238287e+02 4.964391e+01 1.096653e+06
-1.848136e+02 1.242601e+02 4.981685e+01 1.100473e+06
-1.847884e+02 1.234108e+02 4.947635e+01 1.092952e+06
-1.847624e+02 1.229149e+02 4.927756e+01 1.088560e+06
-1.847365e+02 1.226447e+02 4.916923e+01 1.086167e+06
-1.847112e+02 1.226335e+02 4.916474e+01 1.086068e+06
-1.846865e+02 1.227800e+02 4.922347e+01 1.087365e+06
-1.846618e+02 1.229394e+02 4.928737e+01 1.088777e+06
-1.846369e+02 1.231639e+02 4.937736e+01 1.090765e+06
-1.846123e+02 1.231348e+02 4.936570e+01 1.090507e+06
-1.845877e+02 1.237051e+02 4.959436e+01 1.095559e+06
-1.845634e+02 1.245712e+02 4.994158e+01 1.103229e+06
-1.845388e+02 1.241207e+02 4.976096e+01 1.099239e+06
-1.845134e+02 1.245377e+02 4.992812e+01 1.102931e+06
-1.844873e+02 1.245319e+02 4.992582e+01 1.102880e+06
-1.844604e+02 1.246838e+02 4.998673e+01 1.104226e+06
-1.844326e+02 1.245935e+02 4.995050e+01 1.103426e+06
-1.844048e+02 1.242413e+02 4.980932e+01 1.100307e+06
-1.843766e+02 1.243243e+02 4.984260e+01 1.101042e+06
-1.843476e+02 1.249245e+02 5.008322e+01 1.106358e+06
-1.843186e+02 1.246712e+02 4.998168e+01 1.104115e+06
-1.842895e+02 1.241132e+02 4.975797e+01 1.099173e+06
-1.842601e+02 1.243745e+02 4.986272e+01 1.101487e+06
-1.842302e+02 1.253722e+02 5.026269e+01 1.110322e+06
-1.841998e+02 1.248866e+02 5.006801e+01 1.106022e+06
-1.841688e+02 1.248767e+02 5.006406e+01 1.105934e+06
-1.841371e+02 1.250546e+02 5.013536e+01 1.107509e+06
-1.841055e+02 1.244299e+02 4.988494e+01 1.101977e+06
-1.840733e+02 1.240989e+02 4.975222e+01 1.099046e+06
-1.840405e+02 1.237454e+02 4.961050e+01 1.095915e+06
-1.840080e+02 1.238552e+02 4.965452e+01 1.096887e+06
-1.839760e+02 1.237447e+02 4.961020e+01 1.095908e+06
-1.839436e+02 1.236094e+02 4.955599e+01 1.094711e+06
-1.839110e+02 1.232297e+02 4.940373e+01 1.091347e+06
-1.838787e+02 1.229621e+02 4.929647e+01 1.088978e+06
-1.838465e+02 1.230561e+02 4.933415e+01 1.089810e+06
-1.838144e+02 1.229574e+02 4.929460e+01 1.088937e+06
-1.837825e+02 1.234735e+02 4.950151e+01 1.093507e+06
-1.837504e+02 1.241410e+02 4.976911e+01 1.099419e+06
-1.837174e+02 1.244035e+02 4.987432e+01 1.101743e+06
-1.836838e+02 1.244371e+02 4.988781e+01 1.102041e+06
-1.836499e+02 1.236416e+02 4.956888e+01 1.094996e+06
-1.836153e+02 1.238283e+02 4.964372e+01 1.096649e+06
-1.835803e+02 1.233071e+02 4.943477e+01 1.092033e+06
-1.835454e+02 1.229529e+02 4.929277e+01 1.088896e+06
-1.835104e+02 1.228873e+02 4.926649e+01 1.088316e+06
-1.834748e+02 1.230123e+02 4.931659e+01 1.089422e+06
-1.834388e+02 1.228845e+02 4.926537e+01 1.088291e+06
-1.834023e+02 1.227629e+02 4.921662e+01 1.087214e+06
-1.833651e+02 1.223257e+02 4.904133e+01 1.083342e+06
-1.833266e+02 1.212823e+02 4.862303e+01 1.074101e+06
-1.832873e+02 1.210764e+02 4.854048e+01 1.072278e+06
-1.832483e+02 1.197103e+02 4.799278e+01 1.060179e+06
-1.832096e+02 1.197323e+02 4.800163e+01 1.060374e+06
-1.831705e+02 1.200683e+02 4.813634e+01 1.063350e+06
-1.831307e+02 1.187531e+02 4.760904e+01 1.051702e+06
-1.830904e+02 1.186374e+02 4.756265e+01 1.050677e+06
-1.830501e+02 1.183258e+02 4.743775e+01 1.047918e+06
-1.830097e+02 1.177543e+02 4.720860e+01 1.042856e+06
-1.829689e+02 1.181435e+02 4.736464e+01 1.046303e+06
-1.829276e+02 1.181652e+02 4.737335e+01 1.046496e+06
-1.828858e+02 1.175644e+02 4.713249e+01 1.041175e+06
-1.828430e+02 1.180324e+02 4.732013e+01 1.045320e+06
-1.827999e+02 1.178725e+02 4.725603e+01 1.043904e+06
-1.827567e+02 1.178925e+02 4.726402e+01 1.044080e+06
-1.827134e+02 1.174264e+02 4.707717e+01 1.039953e+06
-1.826694e+02 1.170831e+02 4.693955e+01 1.036913e+06
-1.826250e+02 1.167330e+02 4.679916e+01 1.033811e+06
-1.825809e+02 1.163888e+02 4.666117e+01 1.030763e+06
-1.825371e+02 1.160571e+02 4.652821e+01 1.027826e+06
-1.824933e+02 1.161946e+02 4.658331e+01 1.029043e+06
-1.824494e+02 1.160565e+02 4.652795e+01 1.027820e+06
-1.824053e+02 1.163743e+02 4.665537e+01 1.030635e+06
-1.823608e+02 1.160195e+02 4.651313e+01 1.027493e+06
-1.823159e+02 1.160718e+02 4.653410e+01 1.027956e+06
-1.822700e+02 1.156724e+02 4.637398e+01 1.024419e+06
-1.822231e+02 1.156405e+02 4.636120e+01 1.024137e+06
-1.821760e+02 1.163474e+02 4.664459e+01 1.030397e+06
-1.821288e+02 1.164266e+02 4.667634e+01 1.031098e+06
-1.820815e+02 1.154995e+02 4.630468e+01 1.022888e+06
-1.820343e+02 1.147901e+02 4.602026e+01 1.016605e+06
-1.819873e+02 1.153312e+02 4.623716e+01 1.021397e+06
-1.819401e+02 1.142366e+02 4.579834e+01 1.011703e+06
-1.818934e+02 1.144785e+02 4.589532e+01 1.013845e+06
-1.818482e+02 1.137547e+02 4.560517e+01 1.007436e+06
-1.818029e+02 1.136564e+02 4.556576e+01 1.006565e+06
-1.817577e+02 1.136632e+02 4.556848e+01 1.006625e+06
-1.817125e+02 1.136869e+02 4.557796e+01 1.006835e+06
-1.816664e+02 1.125672e+02 4.512907e+01 9.969184e+05
-1.816203e+02 1.127896e+02 4.521825e+01 9.988886e+05
-1.815747e+02 1.131628e+02 4.536786e+01 1.002193e+06
-1.815292e+02 1.126693e+02 4.517002e+01 9.978231e+05
-1.814841e+02 1.122058e+02 4.498419e+01 9.937180e+05
-1.814388e+02 1.126010e+02 4.514263e+01 9.972181e+05
-1.813926e+02 1.126777e+02 4.517336e+01 9.978968e+05
-1.813458e+02 1.130298e+02 4.531452e+01 1.001015e+06
-1.812991e+02 1.127584e+02 4.520575e+01 9.986123e+05
-1.812524e+02 1.134750e+02 4.549302e+01 1.004958e+06
-1.812055e+02 1.130918e+02 4.533938e+01 1.001564e+06
-1.811582e+02 1.135877e+02 4.553821e+01 1.005956e+06
-1.811108e+02 1.139497e+02 4.568332e+01 1.009162e+06
-1.810639e+02 1.133931e+02 4.546017e+01 1.004233e+06
-1.810174e+02 1.131102e+02 4.534678e+01 1.001728e+06
-1.809709e+02 1.121223e+02 4.495071e+01 9.929784e+05
-1.809241e+02 1.121898e+02 4.497778e+01 9.935765e+05
-1.808765e+02 1.117014e+02 4.478196e+01 9.892506e+05
-1.808293e+02 1.121567e+02 4.496450e+01 9.932831e+05
-1.807828e+02 1.119941e+02 4.489932e+01 9.918432e+05
-1.807362e+02 1.121913e+02 4.497838e+01 9.935898e+05
-1.806898e+02 1.120617e+02 4.492641e+01 9.924417e+05
-1.806437e+02 1.116969e+02 4.478016e+01 9.892109e+05
-1.805979e+02 1.122724e+02 4.501090e+01 9.943080e+05
-1.805520e+02 1.122553e+02 4.500405e+01 9.941567e+05
-1.805058e+02 1.126414e+02 4.515883e+01 9.975759e+05
-1.804593e+02 1.132302e+02 4.539487e+01 1.002790e+06
-1.804129e+02 1.137008e+02 4.558354e+01 1.006958e+06
-1.803657e+02 1.133654e+02 4.544907e+01 1.003987e+06
-1.803179e+02 1.142205e+02 4.579188e+01 1.011560e+06
-1.802701e+02 1.140841e+02 4.573723e+01 1.010353e+06
-1.802219e+02 1.139421e+02 4.568030e+01 1.009095e+06
-1.801737e+02 1.143347e+02 4.583767e+01 1.012572e+06
-1.801254e+02 1.138648e+02 4.564931e+01 1.008411e+06
-1.800770e+02 1.141199e+02 4.575158e+01 1.010670e+06
-1.800290e+02 1.137076e+02 4.558627e+01 1.007018e+06
-1.799812e+02 1.135339e+02 4.551661e+01 1.005479e+06
-1.799334e+02 1.130530e+02 4.532382e+01 1.001221e+06
-1.798866e+02 1.128904e+02 4.525867e+01 9.997813e+05
-1.798400e+02 1.131829e+02 4.537592e+01 1.002372e+06
-1.797940e+02 1.126977e+02 4.518141e+01 9.980747e+05
-1.797486e+02 1.122715e+02 4.501052e+01 9.942997e+05
-1.797029e+02 1.116006e+02 4.474157e+01 9.883585e+05
-1.796578e+02 1.112374e+02 4.459596e+01 9.851420e+05
-1.796150e+02 1.112214e+02 4.458954e+01 9.850001e+05
-1.795744e+02 1.105783e+02 4.433170e+01 9.793043e+05
-1.795350e+02 1.107701e+02 4.440861e+01 9.810032e+05
-1.794963e+02 1.108692e+02 4.444835e+01 9.818811e+05
-1.794578e+02 1.110776e+02 4.453189e+01 9.837265e+05
-1.794183e+02 1.112977e+02 4.462011e+01 9.856754e+05
-1.793782e+02 1.111405e+02 4.455709e+01 9.842832e+05
-1.793387e+02 1.109291e+02 4.447235e+01 9.824113e+05
-1.792989e+02 1.110029e+02 4.450193e+01 9.830647e+05
-1.792580e+02 1.111852e+02 4.457502e+01 9.846793e+05
-1.792165e+02 1.114555e+02 4.468340e+01 9.870735e+05
-1.791748e+02 1.118817e+02 4.485427e+01 9.908480e+05
-1.791327e+02 1.119698e+02 4.488956e+01 9.916277e+05
-1.790904e+02 1.119344e+02 4.487539e+01 9.913145e+05
-1.790482e+02 1.111293e+02 4.455260e+01 9.841840e+05
-1.790047e+02 1.116296e+02 4.475317e+01 9.886146e+05
-1.789602e+02 1.124702e+02 4.509017e+01 9.960591e+05
-1.789160e+02 1.115625e+02 4.472629e+01 9.880210e+05
-1.788721e+02 1.109909e+02 4.449713e+01 9.829587e+05
-1.788287e+02 1.111655e+02 4.456713e+01 9.845049e+05
-1.787862e+02 1.111744e+02 4.457068e+01 9.845834e+05
-1.787441e+02 1.111354e+02 4.455507e+01 9.842386e+05
-1.787028e+02 1.104168e+02 4.426697e+01 9.778743e+05
-1.786616e+02 1.101391e+02 4.415564e+01 9.754150e+05
-1.786204e+02 1.094936e+02 4.389685e+01 9.696984e+05
-1.785798e+02 1.089290e+02 4.367049e+01 9.646979e+05
-1.785400e+02 1.090900e+02 4.373503e+01 9.661235e+05
-1.785014e+02 1.084364e+02 4.347302e+01 9.603357e+05
-1.784636e+02 1.083937e+02 4.345589e+01 9.599572e+05
-1.784264e+02 1.084610e+02 4.348286e+01 9.605531e+05
-1.783887e+02 1.081929e+02 4.337540e+01 9.581792e+05
-1.783505e+02 1.081297e+02 4.335005e+01 9.576191e+05
-1.783119e+02 1.088571e+02 4.364169e+01 9.640616e+05
-1.782726e+02 1.086124e+02 4.354356e+01 9.618940e+05
-1.782335e+02 1.079857e+02 4.329232e+01 9.563439e+05
-1.781950e+02 1.082440e+02 4.339587e+01 9.586313e+05
-1.781566e+02 1.088164e+02 4.362534e+01 9.637005e+05
-1.781180e+02 1.087921e+02 4.361559e+01 9.634852e+05
-1.780801e+02 1.087190e+02 4.358631e+01 9.628383e+05
-1.780426e+02 1.081749e+02 4.336818e+01 9.580197e+05
-1.780055e+02 1.082765e+02 4.340888e+01 9.589188e+05
-1.779700e+02 1.084330e+02 4.347166e+01 9.603056e+05
-1.779356e+02 1.085836e+02 4.353201e+01 9.616389e+05
-1.779016e+02 1.087346e+02 4.359255e+01 9.629761e+05
-1.778680e+02 1.089483e+02 4.367824e+01 9.648691e+05
-1.778349e+02 1.088399e+02 4.363476e+01 9.639085e+05
-1.778029e+02 1.088293e+02 4.363053e+01 9.638151e+05
-1.777713e+02 1.085632e+02 4.352386e+01 9.614587e+05
-1.777388e+02 1.089253e+02 4.366899e+01 9.646648e+05
-1.777057e+02 1.085739e+02 4.352813e+01 9.615532e+05
-1.776723e+02 1.081562e+02 4.336067e+01 9.578539e+05
-1.776391e+02 1.084708e+02 4.348678e+01 9.606397e+05
-1.776062e+02 1.090790e+02 4.373062e+01 9.660262e+05
-1.775743e+02 1.093481e+02 4.383852e+01 9.684098e+05
-1.775436e+02 1.095343e+02 4.391316e+01 9.700585e+05
-1.775142e+02 1.085324e+02 4.351150e+01 9.611857e+05
-1.774861e+02 1.083940e+02 4.345600e+01 9.599598e+05
-1.774577e+02 1.084357e+02 4.347272e+01 9.603290e+05
-1.774289e+02 1.090468e+02 4.371770e+01 9.657407e+05
-1.774001e+02 1.088487e+02 4.363831e+01 9.639871e+05
-1.773706e+02 1.090957e+02 4.373730e+01 9.661739e+05
-1.773414e+02 1.091624e+02 4.376407e+01 9.667651e+05
-1.773127e+02 1.091555e+02 4.376130e+01 9.667040e+05
-1.772842e+02 1.090127e+02 4.370405e+01 9.654392e+05
-1.772560e+02 1.096350e+02 4.395355e+01 9.709507e+05
-1.772275e+02 1.097121e+02 4.398446e+01 9.716335e+05
-1.771986e+02 1.091637e+02 4.376460e+01 9.667767e+05
-1.771692e+02 1.089198e+02 4.366679e+01 9.646161e+05
-1.771399e+02 1.086974e+02 4.357765e+01 9.626470e+05
-1.771114e+02 1.093981e+02 4.385854e+01 9.688519e+05
-1.770838e+02 1.092942e+02 4.381689e+01 9.679319e+05
-1.770572e+02 1.095072e+02 4.390229e+01 9.698185e+05
-1.770317e+02 1.093624e+02 4.384425e+01 9.685364e+05
-1.770069e+02 1.100043e+02 4.410159e+01 9.742210e+05
-1.769831e+02 1.103688e+02 4.424771e+01 9.774490e+05
-1.769601e+02 1.098111e+02 4.402414e+01 9.725101e+05
-1.769384e+02 1.103109e+02 4.422450e+01 9.769363e+05
-1.769178e+02 1.112230e+02 4.459018e+01 9.850141e+05
-1.768983e+02 1.111539e+02 4.456249e+01 9.844024e+05
-1.768801e+02 1.113888e+02 4.465663e+01 9.864821e+05
-1.768624e+02 1.116425e+02 4.475835e+01 9.887291e+05
-1.768456e+02 1.118558e+02 4.484388e+01 9.906185e+05
-1.768306e+02 1.115266e+02 4.471187e+01 9.877025e+05
-1.768163e+02 1.112377e+02 4.459608e+01 9.851445e+05
-1.768022e+02 1.106084e+02 4.434376e+01 9.795706e+05
-1.767891e+02 1.101968e+02 4.417874e+01 9.759254e+05
-1.767764e+02 1.110392e+02 4.451650e+01 9.833865e+05
-1.767647e+02 1.105092e+02 4.430399e+01 9.786923e+05
-1.767536e+02 1.102608e+02 4.420443e+01 9.764929e+05
-1.767422e+02 1.095408e+02 4.391575e+01 9.701157e+05
-1.767314e+02 1.094223e+02 4.386827e+01 9.690668e+05
-1.767204e+02 1.097071e+02 4.398245e+01 9.715892e+05
-1.767093e+02 1.096662e+02 4.396605e+01 9.712268e+05
-1.766986e+02 1.103172e+02 4.422703e+01 9.769921e+05
-1.766877e+02 1.103382e+02 4.423546e+01 9.771784e+05
-1.766773e+02 1.105284e+02 4.431171e+01 9.788628e+05
-1.766678e+02 1.100634e+02 4.412529e+01 9.747447e+05
-1.766590e+02 1.101938e+02 4.417755e+01 9.758991e+05
-1.766506e+02 1.101141e+02 4.414561e+01 9.751935e+05
-1.766420e+02 1.113678e+02 4.464824e+01 9.862967e+05
-1.766341e+02 1.120571e+02 4.492456e+01 9.924007e+05
-1.766273e+02 1.123075e+02 4.502495e+01 9.946185e+05
-1.766206e+02 1.132008e+02 4.538309e+01 1.002530e+06
-1.766140e+02 1.132555e+02 4.540501e+01 1.003014e+06
-1.766076e+02 1.130089e+02 4.530614e+01 1.000830e+06
-1.766008e+02 1.128604e+02 4.524660e+01 9.995148e+05
-1.765935e+02 1.132670e+02 4.540963e+01 1.003116e+06
-1.765858e+02 1.130999e+02 4.534265e+01 1.001637e+06
-1.765777e+02 1.132378e+02 4.539792e+01 1.002857e+06
-1.765690e+02 1.134138e+02 4.546850e+01 1.004417e+06
-1.765601e+02 1.133616e+02 4.544757e+01 1.003954e+06
-1.765521e+02 1.133373e+02 4.543781e+01 1.003739e+06
-1.765443e+02 1.126378e+02 4.515739e+01 9.975440e+05
-1.765353e+02 1.119862e+02 4.489616e+01 9.917734e+05
-1.765260e+02 1.119408e+02 4.487795e+01 9.913712e+05
-1.765161e+02 1.122302e+02 4.499397e+01 9.939341e+05
-1.765051e+02 1.119709e+02 4.489001e+01 9.916375e+05
-1.764940e+02 1.120975e+02 4.494075e+01 9.927584e+05
-1.764837e+02 1.120702e+02 4.492982e+01 9.925171e+05
-1.764743e+02 1.123985e+02 4.506146e+01 9.954249e+05
-1.764650e+02 1.124899e+02 4.509808e+01 9.962339e+05
-1.764548e+02 1.128267e+02 4.523311e+01 9.992168e+05
-1.764441e+02 1.122261e+02 4.499231e+01 9.938973e+05
-1.764336e+02 1.118936e+02 4.485903e+01 9.909531e+05
-1.764225e+02 1.118871e+02 4.485640e+01 9.908951e+05
-1.764104e+02 1.118839e+02 4.485515e+01 9.908675e+05
-1.763970e+02 1.123117e+02 4.502666e+01 9.946562e+05
-1.763837e+02 1.125424e+02 4.511913e+01 9.966988e+05
-1.763720e+02 1.124066e+02 4.506467e+01 9.954958e+05
-1.763608e+02 1.114958e+02 4.469955e+01 9.874302e+05
-1.763489e+02 1.121067e+02 4.494446e+01 9.928404e+05
-1.763369e+02 1.120684e+02 4.492911e+01 9.925014e+05
-1.763269e+02 1.127046e+02 4.518415e+01 9.981353e+05
-1.763172e+02 1.131421e+02 4.535957e+01 1.002010e+06
-1.763065e+02 1.127779e+02 4.521354e+01 9.987844e+05
-1.762955e+02 1.127686e+02 4.520982e+01 9.987023e+05
-1.762839e+02 1.128771e+02 4.525331e+01 9.996630e+05
-1.762726e+02 1.135548e+02 4.552502e+01 1.005665e+06
-1.762624e+02 1.130319e+02 4.531536e+01 1.001034e+06
-1.762524e+02 1.132051e+02 4.538481e+01 1.002568e+06
-1.762411e+02 1.131187e+02 4.535019e+01 1.001803e+06
-1.762289e+02 1.132441e+02 4.540045e+01 1.002913e+06
-1.762161e+02 1.130084e+02 4.530594e+01 1.000826e+06
-1.762028e+02 1.130958e+02 4.534098e+01 1.001600e+06
-1.761894e+02 1.128700e+02 4.525046e+01 9.996001e+05
-1.761764e+02 1.131071e+02 4.534554e+01 1.001700e+06
-1.761636e+02 1.130603e+02 4.532674e+01 1.001285e+06
-1.761504e+02 1.137355e+02 4.559745e+01 1.007265e+06
-1.761370e+02 1.129739e+02 4.529212e+01 1.000520e+06
-1.761233e+02 1.128035e+02 4.522382e+01 9.990116e+05
-1.761094e+02 1.124383e+02 4.507739e+01 9.957768e+05
-1.760950e+02 1.123499e+02 4.504197e+01 9.949944e+05
-1.760807e+02 1.131618e+02 4.536745e+01 1.002184e+06
-1.760666e+02 1.131758e+02 4.537305e+01 1.002308e+06
-1.760528e+02 1.137397e+02 4.559913e+01 1.007302e+06
-1.760402e+02 1.139397e+02 4.567931e+01 1.009073e+06
-1.760286e+02 1.135691e+02 4.553074e+01 1.005792e+06
-1.760177e+02 1.130959e+02 4.534103e+01 1.001601e+06
-1.760070e+02 1.131971e+02 4.538160e+01 1.002497e+06
-1.759958e+02 1.133126e+02 4.542791e+01 1.003520e+06
-1.759837e+02 1.135126e+02 4.550811e+01 1.005292e+06
-1.759720e+02 1.144489e+02 4.588346e+01 1.013583e+06
-1.759623e+02 1.149866e+02 4.609903e+01 1.018345e+06
-1.759534e+02 1.151085e+02 4.614789e+01 1.019425e+06
-1.759437e+02 1.153151e+02 4.623071e+01 1.021254e+06
-1.759341e+02 1.161638e+02 4.657098e+01 1.028771e+06
-1.759245e+02 1.159503e+02 4.648538e+01 1.026880e+06
-1.759151e+02 1.158797e+02 4.645710e+01 1.026255e+06
-1.759069e+02 1.156160e+02 4.635134e+01 1.023919e+06
-1.758993e+02 1.161599e+02 4.656943e+01 1.028737e+06
-1.758918e+02 1.163183e+02 4.663291e+01 1.030139e+06
-1.758832e+02 1.161511e+02 4.656587e+01 1.028658e+06
-1.758734e+02 1.171703e+02 4.697449e+01 1.037685e+06
-1.758632e+02 1.179939e+02 4.730468e+01 1.044979e+06
-1.758525e+02 1.181789e+02 4.737887e+01 1.046617e+06
-1.758407e+02 1.179081e+02 4.727030e+01 1.044219e+06
-1.758289e+02 1.178670e+02 4.725381e+01 1.043855e+06
-1.758172e+02 1.180833e+02 4.734053e+01 1.045771e+06
-1.758047e+02 1.186199e+02 4.755563e+01 1.050522e+06
-1.757925e+02 1.176105e+02 4.715097e+01 1.041583e+06
-1.757812e+02 1.186364e+02 4.756228e+01 1.050669e+06
-1.757702e+02 1.181026e+02 4.734826e+01 1.045941e+06
-1.757594e+02 1.180860e+02 4.734160e+01 1.045794e+06
-1.757494e+02 1.176406e+02 4.716305e+01 1.041850e+06
-1.757405e+02 1.178123e+02 4.723189e+01 1.043371e+06
-1.757319e+02 1.168343e+02 4.683980e+01 1.034709e+06
-1.757236e+02 1.165293e+02 4.671752e+01 1.032008e+06
-1.757165e+02 1.164212e+02 4.667418e+01 1.031051e+06
-1.757101e+02 1.165275e+02 4.671679e+01 1.031992e+06
-1.757030e+02 1.160937e+02 4.654289e+01 1.028150e+06
-1.756963e+02 1.153912e+02 4.626122e+01 1.021928e+06
-1.756906e+02 1.157036e+02 4.638648e+01 1.024695e+06
-1.756855e+02 1.159929e+02 4.650246e+01 1.027257e+06
-1.756795e+02 1.168787e+02 4.685758e+01 1.035102e+06
-1.756725e+02 1.175875e+02 4.714176e+01 1.041380e+06
-1.756652e+02 1.175950e+02 4.714477e+01 1.041446e+06
-1.756571e+02 1.171308e+02 4.695867e+01 1.037335e+06
-1.756492e+02 1.180160e+02 4.731354e+01 1.045174e+06
-1.756431e+02 1.178383e+02 4.724228e+01 1.043600e+06
-1.756389e+02 1.169965e+02 4.690483e+01 1.036146e+06
-1.756352e+02 1.173975e+02 4.706559e+01 1.039697e+06
-1.756315e+02 1.166850e+02 4.677995e+01 1.033387e+06
-1.756281e+02 1.168744e+02 4.685586e+01 1.035064e+06
-1.756256e+02 1.163639e+02 4.665121e+01 1.030543e+06
-1.756236e+02 1.162014e+02 4.658605e+01 1.029104e+06
-1.756224e+02 1.161309e+02 4.655777e+01 1.028479e+06
-1.756216e+02 1.151476e+02 4.616356e+01 1.019771e+06
-1.756208e+02 1.154612e+02 4.628930e+01 1.022548e+06
-1.756205e+02 1.147281e+02 4.599539e+01 1.016056e+06
-1.756210e+02 1.142943e+02 4.582147e+01 1.012214e+06
-1.756228e+02 1.143041e+02 4.582543e+01 1.012301e+06
-1.756255e+02 1.139146e+02 4.566924e+01 1.008851e+06
-1.756284e+02 1.144494e+02 4.588367e+01 1.013588e+06
-1.756316e+02 1.148144e+02 4.603000e+01 1.016820e+06
-1.756346e+02 1.140491e+02 4.572319e+01 1.010043e+06
-1.756375e+02 1.142004e+02 4.578385e+01 1.011383e+06
-1.756398e+02 1.140034e+02 4.570487e+01 1.009638e+06
-1.756420e+02 1.148635e+02 4.604968e+01 1.017255e+06
-1.756444e+02 1.139476e+02 4.568247e+01 1.009143e+06
-1.756475e+02 1.142566e+02 4.580635e+01 1.011880e+06
-1.756517e+02 1.140388e+02 4.571903e+01 1.009951e+06
-1.756559e+02 1.139546e+02 4.568528e+01 1.009205e+06
-1.756596e+02 1.129146e+02 4.526833e+01 9.999948e+05
-1.756629e+02 1.135602e+02 4.552717e+01 1.005713e+06
-1.756649e+02 1.137913e+02 4.561984e+01 1.007760e+06
-1.756653e+02 1.143670e+02 4.585061e+01 1.012858e+06
-1.756653e+02 1.144313e+02 4.587642e+01 1.013428e+06
-1.756650e+02 1.145348e+02 4.591789e+01 1.014344e+06
-1.756650e+02 1.145297e+02 4.591587e+01 1.014299e+06
-1.756662e+02 1.139722e+02 4.569234e+01 1.009361e+06
-1.756686e+02 1.138241e+02 4.563299e+01 1.008050e+06
-1.756721e+02 1.132538e+02 4.540432e+01 1.002999e+06
-1.756754e+02 1.130760e+02 4.533307e+01 1.001425e+06
-1.756787e+02 1.128737e+02 4.525195e+01 9.996330e+05
-1.756818e+02 1.132719e+02 4.541159e+01 1.003159e+06
-1.756844e+02 1.131399e+02 4.535868e+01 1.001991e+06
-1.756879e+02 1.139048e+02 4.566534e+01 1.008765e+06
-1.756922e+02 1.137283e+02 4.559457e+01 1.007202e+06
