#E_pot  E_kin  T  P
-2.392703e+02 1.159120e+02 4.647004e+01 1.026541e+06
-2.392705e+02 1.159559e+02 4.648764e+01 1.026930e+06
-2.392689e+02 1.160629e+02 4.653053e+01 1.027877e+06
-2.392655e+02 1.159045e+02 4.646701e+01 1.026474e+06
-2.392605e+02 1.159842e+02 4.649896e+01 1.027180e+06
-2.392537e+02 1.159451e+02 4.648331e+01 1.026834e+06
-2.392452e+02 1.159341e+02 4.647888e+01 1.026736e+06
-2.392349e+02 1.164929e+02 4.670293e+01 1.031686e+06
-2.392228e+02 1.163306e+02 4.663785e+01 1.030248e+06
-2.392090e+02 1.167748e+02 4.681592e+01 1.034182e+06
-2.391934e+02 1.166851e+02 4.677995e+01 1.033387e+06
-2.391759e+02 1.165780e+02 4.673702e+01 1.032439e+06
-2.391566e+02 1.166195e+02 4.675366e+01 1.032806e+06
-2.391355e+02 1.161695e+02 4.657327e+01 1.028821e+06
-2.391126e+02 1.157590e+02 4.640871e+01 1.025186e+06
-2.390878e+02 1.157145e+02 4.639087e+01 1.024792e+06
-2.390613e+02 1.152378e+02 4.619974e+01 1.020570e+06
-2.390329e+02 1.152077e+02 4.618768e+01 1.020304e+06
-2.390027e+02 1.148081e+02 4.602746e+01 1.016764e+06
-2.389705e+02 1.144112e+02 4.586834e+01 1.013249e+06
-2.389363e+02 1.140559e+02 4.572591e+01 1.010103e+06
-2.389003e+02 1.137082e+02 4.558652e+01 1.007024e+06
-2.388626e+02 1.140708e+02 4.573187e+01 1.010235e+06
-2.388230e+02 1.140316e+02 4.571617e+01 1.009888e+06
-2.387817e+02 1.136736e+02 4.557263e+01 1.006717e+06
-2.387390e+02 1.138994e+02 4.566317e+01 1.008717e+06
-2.386947e+02 1.133636e+02 4.544835e+01 1.003972e+06
-2.386490e+02 1.127283e+02 4.519365e+01 9.983450e+05
-2.386020e+02 1.129264e+02 4.527309e+01 1.000100e+06
-2.385532e+02 1.124757e+02 4.509239e+01 9.961081e+05
-2.385025e+02 1.128827e+02 4.525557e+01 9.997129e+05
-2.384501e+02 1.131663e+02 4.536926e+01 1.002224e+06
-2.383958e+02 1.131688e+02 4.537027e+01 1.002247e+06
-2.383397e+02 1.133835e+02 4.545633e+01 1.004148e+06
-2.382817e+02 1.130906e+02 4.533891e+01 1.001554e+06
-2.382220e+02 1.129257e+02 4.527280e+01 1.000094e+06
-2.381609e+02 1.127224e+02 4.519128e+01 9.982927e+05
-2.380980e+02 1.131937e+02 4.538023e+01 1.002467e+06
-2.380333e+02 1.127792e+02 4.521405e+01 9.987957e+05
-2.379669e+02 1.130529e+02 4.532381e+01 1.001220e+06
-2.378984e+02 1.140431e+02 4.572076e+01 1.009989e+06
-2.378281e+02 1.140476e+02 4.572256e+01 1.010029e+06
-2.377562e+02 1.131665e+02 4.536936e+01 1.002227e+06
-2.376829e+02 1.125297e+02 4.511406e+01 9.965868e+05
-2.376081e+02 1.128103e+02 4.522655e+01 9.990718e+05
-2.375317e+02 1.123439e+02 4.503955e+01 9.949410e+05
-2.374537e+02 1.118501e+02 4.484160e+01 9.905681e+05
-2.373742e+02 1.115833e+02 4.473461e+01 9.882046e+05
-2.372931e+02 1.115530e+02 4.472249e+01 9.879370e+05
-2.372105e+02 1.114438e+02 4.467871e+01 9.869698e+05
-2.371265e+02 1.114725e+02 4.469021e+01 9.872239e+05
-2.370412e+02 1.117689e+02 4.480902e+01 9.898484e+05
-2.369549e+02 1.112904e+02 4.461718e+01 9.856107e+05
-2.368676e+02 1.114825e+02 4.469420e+01 9.873121e+05
-2.367791e+02 1.110294e+02 4.451256e+01 9.832995e+05
-2.366893e+02 1.115784e+02 4.473267e+01 9.881619e+05
-2.365986e+02 1.113512e+02 4.464158e+01 9.861496e+05
-2.365067e+02 1.115131e+02 4.470647e+01 9.875831e+05
-2.364132e+02 1.109737e+02 4.449024e+01 9.828064e+05
-2.363181e+02 1.113936e+02 4.465855e+01 9.865245e+05
-2.362214e+02 1.111292e+02 4.455257e+01 9.841835e+05
-2.361230e+02 1.114422e+02 4.467805e+01 9.869553e+05
-2.360232e+02 1.112581e+02 4.460423e+01 9.853246e+05
-2.359221e+02 1.112609e+02 4.460536e+01 9.853495e+05
-2.358197e+02 1.111757e+02 4.457120e+01 9.845949e+05
-2.357160e+02 1.111689e+02 4.456849e+01 9.845350e+05
-2.356109e+02 1.115831e+02 4.473455e+01 9.882033e+05
-2.355042e+02 1.112002e+02 4.458105e+01 9.848124e+05
-2.353960e+02 1.110486e+02 4.452025e+01 9.834694e+05
-2.352868e+02 1.103136e+02 4.422558e+01 9.769600e+05
-2.351769e+02 1.100640e+02 4.412551e+01 9.747494e+05
-2.350662e+02 1.100209e+02 4.410823e+01 9.743677e+05
-2.349543e+02 1.095565e+02 4.392204e+01 9.702548e+05
-2.348412e+02 1.090919e+02 4.373581e+01 9.661409e+05
-2.347266e+02 1.091357e+02 4.375338e+01 9.665289e+05
-2.346105e+02 1.097012e+02 4.398009e+01 9.715370e+05
-2.344932e+02 1.095380e+02 4.391463e+01 9.700910e+05
-2.343753e+02 1.095368e+02 4.391418e+01 9.700811e+05
-2.342566e+02 1.094298e+02 4.387126e+01 9.691329e+05
-2.341368e+02 1.096668e+02 4.396626e+01 9.712317e+05
-2.340156e+02 1.097137e+02 4.398508e+01 9.716473e+05
-2.338934e+02 1.099691e+02 4.408747e+01 9.739090e+05
-2.337693e+02 1.102541e+02 4.420175e+01 9.764336e+05
-2.336442e+02 1.094434e+02 4.387673e+01 9.692539e+05
-2.335189e+02 1.096122e+02 4.394441e+01 9.707488e+05
-2.333930e+02 1.092820e+02 4.381203e+01 9.678245e+05
-2.332657e+02 1.097005e+02 4.397978e+01 9.715302e+05
-2.331366e+02 1.095521e+02 4.392031e+01 9.702166e+05
-2.330066e+02 1.090975e+02 4.373805e+01 9.661904e+05
-2.328752e+02 1.091599e+02 4.376305e+01 9.667426e+05
-2.327423e+02 1.094094e+02 4.386309e+01 9.689524e+05
-2.326085e+02 1.093069e+02 4.382201e+01 9.680450e+05
-2.324739e+02 1.092739e+02 4.380876e+01 9.677523e+05
-2.323387e+02 1.088226e+02 4.362784e+01 9.637557e+05
-2.322028e+02 1.085602e+02 4.352263e+01 9.614316e+05
-2.320659e+02 1.089433e+02 4.367622e+01 9.648245e+05
-2.319283e+02 1.084964e+02 4.349705e+01 9.608665e+05
-2.317898e+02 1.083117e+02 4.342299e+01 9.592306e+05
-2.316508e+02 1.080722e+02 4.332698e+01 9.571096e+05
-2.315114e+02 1.082628e+02 4.340341e+01 9.587980e+05
-2.313715e+02 1.086573e+02 4.356157e+01 9.622919e+05
-2.312303e+02 1.087507e+02 4.359900e+01 9.631188e+05
-2.310873e+02 1.089337e+02 4.367237e+01 9.647394e+05
-2.309438e+02 1.080307e+02 4.331034e+01 9.567420e+05
-2.307995e+02 1.086890e+02 4.357428e+01 9.625726e+05
-2.306547e+02 1.087514e+02 4.359928e+01 9.631249e+05
-2.305097e+02 1.083431e+02 4.343559e+01 9.595088e+05
-2.303645e+02 1.075712e+02 4.312616e+01 9.526734e+05
-2.302199e+02 1.078823e+02 4.325086e+01 9.554281e+05
-2.300756e+02 1.079053e+02 4.326009e+01 9.556321e+05
-2.299307e+02 1.072627e+02 4.300246e+01 9.499409e+05
-2.297856e+02 1.074038e+02 4.305903e+01 9.511905e+05
-2.296400e+02 1.072399e+02 4.299333e+01 9.497392e+05
-2.294945e+02 1.072629e+02 4.300253e+01 9.499423e+05
-2.293498e+02 1.072395e+02 4.299315e+01 9.497351e+05
-2.292057e+02 1.076051e+02 4.313971e+01 9.529729e+05
-2.290611e+02 1.078210e+02 4.322627e+01 9.548850e+05
-2.289161e+02 1.073785e+02 4.304887e+01 9.509662e+05
-2.287717e+02 1.072516e+02 4.299801e+01 9.498426e+05
-2.286270e+02 1.076260e+02 4.314812e+01 9.531585e+05
-2.284815e+02 1.080712e+02 4.332659e+01 9.571011e+05
-2.283364e+02 1.075087e+02 4.310106e+01 9.521190e+05
-2.281919e+02 1.080895e+02 4.333392e+01 9.572628e+05
-2.280473e+02 1.082639e+02 4.340386e+01 9.588078e+05
-2.279024e+02 1.086380e+02 4.355384e+01 9.621211e+05
-2.277560e+02 1.086506e+02 4.355890e+01 9.622327e+05
-2.276077e+02 1.090519e+02 4.371976e+01 9.657864e+05
-2.274588e+02 1.091265e+02 4.374968e+01 9.664472e+05
-2.273103e+02 1.089486e+02 4.367833e+01 9.648711e+05
-2.271623e+02 1.085585e+02 4.352194e+01 9.614163e+05
-2.270146e+02 1.094400e+02 4.387537e+01 9.692237e+05
-2.268656e+02 1.093739e+02 4.384886e+01 9.686383e+05
-2.267161e+02 1.094166e+02 4.386598e+01 9.690163e+05
-2.265672e+02 1.091744e+02 4.376889e+01 9.668716e+05
-2.264194e+02 1.084553e+02 4.348059e+01 9.605030e+05
-2.262735e+02 1.081292e+02 4.334985e+01 9.576149e+05
-2.261289e+02 1.084514e+02 4.347901e+01 9.604681e+05
-2.259848e+02 1.085028e+02 4.349963e+01 9.609235e+05
-2.258407e+02 1.074784e+02 4.308895e+01 9.518515e+05
-2.256961e+02 1.078867e+02 4.325264e+01 9.554674e+05
-2.255512e+02 1.071524e+02 4.295825e+01 9.489641e+05
-2.254069e+02 1.072490e+02 4.299697e+01 9.498195e+05
-2.252628e+02 1.070417e+02 4.291385e+01 9.479834e+05
-2.251189e+02 1.073895e+02 4.305328e+01 9.510635e+05
-2.249752e+02 1.067998e+02 4.281689e+01 9.458416e+05
-2.248318e+02 1.068010e+02 4.281735e+01 9.458518e+05
-2.246888e+02 1.066423e+02 4.275375e+01 9.444468e+05
-2.245471e+02 1.071524e+02 4.295822e+01 9.489636e+05
-2.244072e+02 1.067192e+02 4.278456e+01 9.451274e+05
-2.242685e+02 1.071627e+02 4.296236e+01 9.490551e+05
-2.241300e+02 1.075892e+02 4.313334e+01 9.528321e+05
-2.239919e+02 1.075557e+02 4.311992e+01 9.525355e+05
-2.238555e+02 1.074779e+02 4.308874e+01 9.518469e+05
-2.237200e+02 1.066338e+02 4.275034e+01 9.443715e+05
-2.235854e+02 1.069851e+02 4.289117e+01 9.474825e+05
-2.234515e+02 1.071391e+02 4.295291e+01 9.488462e+05
-2.233178e+02 1.073069e+02 4.302016e+01 9.503320e+05
-2.231842e+02 1.074698e+02 4.308547e+01 9.517745e+05
-2.230526e+02 1.076466e+02 4.315637e+01 9.533408e+05
-2.229252e+02 1.078271e+02 4.322872e+01 9.549391e+05
-2.228002e+02 1.085784e+02 4.352993e+01 9.615930e+05
-2.226763e+02 1.078838e+02 4.325145e+01 9.554411e+05
-2.225524e+02 1.080730e+02 4.332731e+01 9.571169e+05
-2.224294e+02 1.077035e+02 4.317918e+01 9.538446e+05
-2.223071e+02 1.078715e+02 4.324651e+01 9.553321e+05
-2.221853e+02 1.079434e+02 4.327536e+01 9.559693e+05
-2.220652e+02 1.071969e+02 4.297607e+01 9.493579e+05
-2.219464e+02 1.069919e+02 4.289387e+01 9.475422e+05
-2.218297e+02 1.064154e+02 4.266277e+01 9.424369e+05
-2.217160e+02 1.064316e+02 4.266927e+01 9.425807e+05
-2.216057e+02 1.060099e+02 4.250021e+01 9.388459e+05
-2.214973e+02 1.056288e+02 4.234743e+01 9.354711e+05
-2.213890e+02 1.058331e+02 4.242932e+01 9.372799e+05
-2.212819e+02 1.065859e+02 4.273114e+01 9.439473e+05
-2.211769e+02 1.066663e+02 4.276337e+01 9.446593e+05
-2.210730e+02 1.061799e+02 4.256836e+01 9.403515e+05
-2.209705e+02 1.057364e+02 4.239054e+01 9.364232e+05
-2.208702e+02 1.055173e+02 4.230270e+01 9.344829e+05
-2.207717e+02 1.057979e+02 4.241523e+01 9.369686e+05
-2.206753e+02 1.053793e+02 4.224739e+01 9.332611e+05
-2.205805e+02 1.048443e+02 4.203289e+01 9.285228e+05
-2.204879e+02 1.053718e+02 4.224436e+01 9.331942e+05
-2.203971e+02 1.053053e+02 4.221773e+01 9.326058e+05
-2.203080e+02 1.054049e+02 4.225763e+01 9.334873e+05
-2.202208e+02 1.051912e+02 4.217196e+01 9.315948e+05
-2.201349e+02 1.051146e+02 4.214128e+01 9.309171e+05
-2.200517e+02 1.052176e+02 4.218256e+01 9.318289e+05
-2.199729e+02 1.056686e+02 4.236336e+01 9.358229e+05
-2.198968e+02 1.057827e+02 4.240910e+01 9.368333e+05
-2.198213e+02 1.055766e+02 4.232650e+01 9.350087e+05
-2.197464e+02 1.053956e+02 4.225394e+01 9.334058e+05
-2.196727e+02 1.061937e+02 4.257389e+01 9.404737e+05
-2.196000e+02 1.067760e+02 4.280732e+01 9.456302e+05
-2.195293e+02 1.069487e+02 4.287658e+01 9.471601e+05
-2.194602e+02 1.072820e+02 4.301019e+01 9.501115e+05
-2.193914e+02 1.064337e+02 4.267011e+01 9.425991e+05
-2.193244e+02 1.067671e+02 4.280378e+01 9.455519e+05
-2.192601e+02 1.070651e+02 4.292326e+01 9.481912e+05
-2.191976e+02 1.077257e+02 4.318807e+01 9.540410e+05
-2.191358e+02 1.073984e+02 4.305686e+01 9.511425e+05
-2.190762e+02 1.066452e+02 4.275489e+01 9.444720e+05
-2.190186e+02 1.065916e+02 4.273340e+01 9.439973e+05
-2.189611e+02 1.062425e+02 4.259347e+01 9.409061e+05
-2.189041e+02 1.063179e+02 4.262370e+01 9.415739e+05
-2.188492e+02 1.061473e+02 4.255527e+01 9.400623e+05
-2.187958e+02 1.057660e+02 4.240243e+01 9.366859e+05
-2.187445e+02 1.061558e+02 4.255867e+01 9.401375e+05
-2.186957e+02 1.064681e+02 4.268390e+01 9.429037e+05
-2.186486e+02 1.070199e+02 4.290513e+01 9.477908e+05
-2.186033e+02 1.069243e+02 4.286678e+01 9.469435e+05
-2.185597e+02 1.067894e+02 4.281272e+01 9.457493e+05
-2.185177e+02 1.066573e+02 4.275974e+01 9.445792e+05
-2.184771e+02 1.071948e+02 4.297526e+01 9.493399e+05
-2.184373e+02 1.072110e+02 4.298172e+01 9.494827e+05
-2.183986e+02 1.069080e+02 4.286026e+01 9.467996e+05
-2.183622e+02 1.064100e+02 4.266062e+01 9.423895e+05
-2.183277e+02 1.066287e+02 4.274827e+01 9.443256e+05
-2.182938e+02 1.068276e+02 4.282802e+01 9.460875e+05
-2.182601e+02 1.067773e+02 4.280787e+01 9.456423e+05
-2.182271e+02 1.064276e+02 4.266766e+01 9.425450e+05
-2.181953e+02 1.066379e+02 4.275195e+01 9.444071e+05
-2.181637e+02 1.062520e+02 4.259726e+01 9.409898e+05
-2.181321e+02 1.064102e+02 4.266070e+01 9.423911e+05
-2.181016e+02 1.059004e+02 4.245631e+01 9.378761e+05
-2.180729e+02 1.059240e+02 4.246577e+01 9.380852e+05
-2.180460e+02 1.049278e+02 4.206638e+01 9.292626e+05
-2.180214e+02 1.050745e+02 4.212518e+01 9.305615e+05
-2.179974e+02 1.054760e+02 4.228614e+01 9.341170e+05
-2.179733e+02 1.043946e+02 4.185261e+01 9.245402e+05
-2.179509e+02 1.038082e+02 4.161753e+01 9.193472e+05
-2.179315e+02 1.038144e+02 4.162000e+01 9.194018e+05
-2.179157e+02 1.039610e+02 4.167878e+01 9.207003e+05
-2.179026e+02 1.034504e+02 4.147406e+01 9.161779e+05
-2.178898e+02 1.040076e+02 4.169745e+01 9.211127e+05
-2.178774e+02 1.036193e+02 4.154180e+01 9.176743e+05
-2.178666e+02 1.037338e+02 4.158770e+01 9.186882e+05
-2.178577e+02 1.036821e+02 4.156695e+01 9.182299e+05
-2.178509e+02 1.035451e+02 4.151205e+01 9.170171e+05
-2.178457e+02 1.031061e+02 4.133603e+01 9.131289e+05
-2.178430e+02 1.033714e+02 4.144240e+01 9.154786e+05
-2.178420e+02 1.033562e+02 4.143632e+01 9.153442e+05
-2.178420e+02 1.031727e+02 4.136273e+01 9.137185e+05
-2.178430e+02 1.035254e+02 4.150414e+01 9.168423e+05
-2.178458e+02 1.024939e+02 4.109062e+01 9.077076e+05
-2.178505e+02 1.020399e+02 4.090858e+01 9.036862e+05
-2.178547e+02 1.021746e+02 4.096259e+01 9.048794e+05
-2.178592e+02 1.013835e+02 4.064542e+01 8.978730e+05
-2.178650e+02 1.009778e+02 4.048277e+01 8.942800e+05
-2.178724e+02 1.009846e+02 4.048554e+01 8.943411e+05
-2.178811e+02 1.002192e+02 4.017867e+01 8.875622e+05
-2.178894e+02 1.000356e+02 4.010508e+01 8.859366e+05
-2.178974e+02 1.002157e+02 4.017728e+01 8.875315e+05
-2.179066e+02 1.001604e+02 4.015507e+01 8.870410e+05
-2.179165e+02 1.005458e+02 4.030959e+01 8.904543e+05
-2.179268e+02 1.001752e+02 4.016101e+01 8.871720e+05
-2.179384e+02 1.004680e+02 4.027840e+01 8.897652e+05
-2.179504e+02 1.000910e+02 4.012727e+01 8.864267e+05
-2.179628e+02 1.004690e+02 4.027882e+01 8.897746e+05
-2.179755e+02 1.004278e+02 4.026231e+01 8.894098e+05
-2.179880e+02 1.008490e+02 4.043114e+01 8.931394e+05
-2.180001e+02 1.006534e+02 4.035272e+01 8.914071e+05
-2.180118e+02 1.000038e+02 4.009231e+01 8.856545e+05
-2.180230e+02 9.987266e+01 4.003973e+01 8.844931e+05
-2.180338e+02 9.997305e+01 4.007998e+01 8.853822e+05
-2.180452e+02 9.949252e+01 3.988733e+01 8.811265e+05
-2.180559e+02 9.953999e+01 3.990636e+01 8.815469e+05
-2.180659e+02 9.960201e+01 3.993123e+01 8.820962e+05
-2.180760e+02 9.986039e+01 4.003481e+01 8.843844e+05
-2.180859e+02 9.982630e+01 4.002115e+01 8.840826e+05
-2.180947e+02 9.983629e+01 4.002515e+01 8.841710e+05
-2.181023e+02 1.003900e+02 4.024712e+01 8.890744e+05
-2.181098e+02 1.007988e+02 4.041102e+01 8.926949e+05
-2.181177e+02 1.004458e+02 4.026951e+01 8.895689e+05
-2.181251e+02 1.006730e+02 4.036061e+01 8.915814e+05
-2.181312e+02 1.009545e+02 4.047346e+01 8.940744e+05
-2.181372e+02 1.004371e+02 4.026602e+01 8.894917e+05
-2.181447e+02 1.008231e+02 4.042077e+01 8.929102e+05
-2.181533e+02 1.008539e+02 4.043312e+01 8.931831e+05
-2.181622e+02 1.011445e+02 4.054963e+01 8.957569e+05
-2.181718e+02 1.013478e+02 4.063112e+01 8.975570e+05
-2.181830e+02 1.011945e+02 4.056968e+01 8.961998e+05
-2.181947e+02 1.014029e+02 4.065323e+01 8.980455e+05
-2.182065e+02 1.014350e+02 4.066610e+01 8.983298e+05
-2.182189e+02 1.013016e+02 4.061259e+01 8.971477e+05
-2.182325e+02 1.013155e+02 4.061818e+01 8.972711e+05
-2.182473e+02 1.010009e+02 4.049203e+01 8.944846e+05
-2.182629e+02 1.010778e+02 4.052289e+01 8.951662e+05
-2.182790e+02 1.009017e+02 4.045229e+01 8.936066e+05
-2.182960e+02 1.004302e+02 4.026326e+01 8.894309e+05
-2.183133e+02 1.004472e+02 4.027008e+01 8.895816e+05
-2.183297e+02 1.006258e+02 4.034166e+01 8.911627e+05
-2.183448e+02 1.004281e+02 4.026241e+01 8.894121e+05
-2.183594e+02 1.006453e+02 4.034950e+01 8.913359e+05
-2.183732e+02 1.001461e+02 4.014935e+01 8.869146e+05
-2.183855e+02 1.004697e+02 4.027911e+01 8.897810e+05
-2.183970e+02 1.008275e+02 4.042253e+01 8.929493e+05
-2.184073e+02 1.013836e+02 4.064546e+01 8.978739e+05
-2.184168e+02 1.009955e+02 4.048987e+01 8.944369e+05
-2.184262e+02 1.007345e+02 4.038526e+01 8.921259e+05
-2.184366e+02 1.006254e+02 4.034151e+01 8.911595e+05
-2.184467e+02 1.010123e+02 4.049663e+01 8.945861e+05
-2.184569e+02 1.012267e+02 4.058259e+01 8.964850e+05
-2.184675e+02 1.012640e+02 4.059752e+01 8.968149e+05
-2.184779e+02 1.017852e+02 4.080649e+01 9.014311e+05
-2.184884e+02 1.015694e+02 4.071996e+01 8.995196e+05
-2.184987e+02 1.017097e+02 4.077621e+01 9.007621e+05
-2.185085e+02 1.012219e+02 4.058064e+01 8.964420e+05
-2.185185e+02 1.010594e+02 4.051549e+01 8.950027e+05
-2.185281e+02 1.010565e+02 4.051435e+01 8.949776e+05
-2.185374e+02 1.007688e+02 4.039900e+01 8.924294e+05
-2.185474e+02 1.003925e+02 4.024816e+01 8.890973e+05
-2.185582e+02 1.005688e+02 4.031883e+01 8.906585e+05
-2.185687e+02 1.005607e+02 4.031558e+01 8.905866e+05
-2.185791e+02 1.005648e+02 4.031720e+01 8.906224e+05
-2.185904e+02 1.008281e+02 4.042277e+01 8.929546e+05
-2.186023e+02 1.008599e+02 4.043552e+01 8.932361e+05
-2.186148e+02 1.008572e+02 4.043445e+01 8.932126e+05
-2.186272e+02 1.007798e+02 4.040341e+01 8.925269e+05
-2.186394e+02 1.007360e+02 4.038586e+01 8.921390e+05
-2.186511e+02 1.008769e+02 4.044233e+01 8.933865e+05
-2.186620e+02 1.011068e+02 4.053451e+01 8.954230e+05
-2.186721e+02 1.012045e+02 4.057367e+01 8.962879e+05
-2.186821e+02 1.011464e+02 4.055037e+01 8.957733e+05
-2.186924e+02 1.018343e+02 4.082619e+01 9.018662e+05
-2.187022e+02 1.016864e+02 4.076687e+01 9.005558e+05
-2.187116e+02 1.015383e+02 4.070749e+01 8.992441e+05
-2.187207e+02 1.014170e+02 4.065887e+01 8.981700e+05
-2.187296e+02 1.012985e+02 4.061135e+01 8.971202e+05
-2.187384e+02 1.018686e+02 4.083992e+01 9.021696e+05
-2.187468e+02 1.023763e+02 4.104346e+01 9.066657e+05
-2.187560e+02 1.022849e+02 4.100684e+01 9.058568e+05
-2.187651e+02 1.027456e+02 4.119151e+01 9.099362e+05
-2.187733e+02 1.020834e+02 4.092603e+01 9.040717e+05
-2.187819e+02 1.027589e+02 4.119687e+01 9.100546e+05
-2.187901e+02 1.028059e+02 4.121569e+01 9.104704e+05
-2.187976e+02 1.029028e+02 4.125455e+01 9.113288e+05
-2.188052e+02 1.035775e+02 4.152505e+01 9.173043e+05
-2.188128e+02 1.031716e+02 4.136232e+01 9.137095e+05
-2.188198e+02 1.031194e+02 4.134139e+01 9.132472e+05
-2.188257e+02 1.031379e+02 4.134880e+01 9.134110e+05
-2.188306e+02 1.038293e+02 4.162600e+01 9.195343e+05
-2.188354e+02 1.036273e+02 4.154500e+01 9.177450e+05
-2.188391e+02 1.032649e+02 4.139970e+01 9.145354e+05
-2.188413e+02 1.032442e+02 4.139141e+01 9.143521e+05
-2.188428e+02 1.029709e+02 4.128183e+01 9.119314e+05
-2.188438e+02 1.023955e+02 4.105117e+01 9.068361e+05
-2.188447e+02 1.016121e+02 4.073710e+01 8.998982e+05
-2.188453e+02 1.015468e+02 4.071089e+01 8.993193e+05
-2.188455e+02 1.011339e+02 4.054539e+01 8.956632e+05
-2.188455e+02 1.006878e+02 4.036655e+01 8.917125e+05
-2.188452e+02 1.006122e+02 4.033623e+01 8.910427e+05
-2.188447e+02 1.003026e+02 4.021209e+01 8.883005e+05
-2.188437e+02 1.005691e+02 4.031893e+01 8.906606e+05
-2.188420e+02 1.009041e+02 4.045323e+01 8.936273e+05
-2.188396e+02 1.006508e+02 4.035169e+01 8.913842e+05
-2.188357e+02 1.007007e+02 4.037168e+01 8.918260e+05
-2.188305e+02 1.006008e+02 4.033166e+01 8.909418e+05
-2.188250e+02 1.005103e+02 4.029537e+01 8.901403e+05
-2.188203e+02 1.007824e+02 4.040446e+01 8.925500e+05
-2.188154e+02 1.006279e+02 4.034251e+01 8.911816e+05
-2.188100e+02 1.001416e+02 4.014755e+01 8.868749e+05
-2.188045e+02 1.006170e+02 4.033813e+01 8.910849e+05
-2.187990e+02 1.000442e+02 4.010852e+01 8.860126e+05
-2.187930e+02 1.001390e+02 4.014651e+01 8.868518e+05
-2.187862e+02 1.001386e+02 4.014634e+01 8.868481e+05
-2.187789e+02 1.006136e+02 4.033677e+01 8.910547e+05
-2.187712e+02 1.000405e+02 4.010700e+01 8.859791e+05
-2.187630e+02 1.003160e+02 4.021748e+01 8.884195e+05
-2.187545e+02 9.969563e+01 3.996876e+01 8.829253e+05
-2.187464e+02 9.900929e+01 3.969360e+01 8.768469e+05
-2.187387e+02 9.915716e+01 3.975288e+01 8.781564e+05
-2.187308e+02 9.882290e+01 3.961888e+01 8.751962e+05
-2.187225e+02 9.978449e+01 4.000438e+01 8.837122e+05
-2.187135e+02 9.975892e+01 3.999414e+01 8.834858e+05
-2.187034e+02 9.953841e+01 3.990573e+01 8.815329e+05
-2.186921e+02 1.000572e+02 4.011372e+01 8.861275e+05
-2.186803e+02 1.006083e+02 4.033468e+01 8.910085e+05
-2.186685e+02 1.013655e+02 4.063823e+01 8.977140e+05
-2.186557e+02 1.021306e+02 4.094495e+01 9.044897e+05
-2.186426e+02 1.025317e+02 4.110576e+01 9.080420e+05
-2.186296e+02 1.017027e+02 4.077342e+01 9.007005e+05
-2.186165e+02 1.022503e+02 4.099294e+01 9.055497e+05
-2.186027e+02 1.013670e+02 4.063882e+01 8.977272e+05
-2.185885e+02 1.006781e+02 4.036263e+01 8.916260e+05
-2.185742e+02 1.011346e+02 4.054567e+01 8.956695e+05
-2.185596e+02 1.011864e+02 4.056642e+01 8.961277e+05
-2.185446e+02 1.009840e+02 4.048527e+01 8.943352e+05
-2.185281e+02 1.010774e+02 4.052273e+01 8.951626e+05
-2.185103e+02 1.015116e+02 4.069679e+01 8.990078e+05
-2.184920e+02 1.013282e+02 4.062326e+01 8.973835e+05
-2.184735e+02 1.007712e+02 4.039995e+01 8.924503e+05
-2.184542e+02 1.007822e+02 4.040437e+01 8.925480e+05
-2.184345e+02 1.008307e+02 4.042382e+01 8.929777e+05
-2.184151e+02 1.014607e+02 4.067637e+01 8.985567e+05
-2.183964e+02 1.018700e+02 4.084047e+01 9.021817e+05
-2.183783e+02 1.018304e+02 4.082460e+01 9.018311e+05
-2.183602e+02 1.011554e+02 4.055400e+01 8.958533e+05
-2.183410e+02 1.007812e+02 4.040398e+01 8.925393e+05
-2.183211e+02 1.011122e+02 4.053667e+01 8.954707e+05
-2.183003e+02 1.017850e+02 4.080641e+01 9.014292e+05
-2.182785e+02 1.014814e+02 4.068469e+01 8.987405e+05
-2.182558e+02 1.017570e+02 4.079516e+01 9.011809e+05
-2.182321e+02 1.016615e+02 4.075690e+01 9.003357e+05
-2.182078e+02 1.015569e+02 4.071496e+01 8.994092e+05
-2.181833e+02 1.018930e+02 4.084971e+01 9.023858e+05
-2.181587e+02 1.021878e+02 4.096790e+01 9.049966e+05
-2.181342e+02 1.020392e+02 4.090830e+01 9.036801e+05
-2.181099e+02 1.019290e+02 4.086415e+01 9.027048e+05
-2.180853e+02 1.022929e+02 4.101002e+01 9.059270e+05
-2.180605e+02 1.022084e+02 4.097614e+01 9.051787e+05
-2.180354e+02 1.028420e+02 4.123018e+01 9.107906e+05
-2.180098e+02 1.031771e+02 4.136449e+01 9.137575e+05
-2.179845e+02 1.030530e+02 4.131474e+01 9.126585e+05
-2.179596e+02 1.030031e+02 4.129475e+01 9.122168e+05
-2.179355e+02 1.030641e+02 4.131922e+01 9.127574e+05
-2.179119e+02 1.024656e+02 4.107927e+01 9.074568e+05
-2.178882e+02 1.023636e+02 4.103835e+01 9.065530e+05
-2.178646e+02 1.026455e+02 4.115138e+01 9.090497e+05
-2.178411e+02 1.026807e+02 4.116551e+01 9.093618e+05
-2.178176e+02 1.024324e+02 4.106593e+01 9.071622e+05
-2.177937e+02 1.023678e+02 4.104005e+01 9.065905e+05
-2.177690e+02 1.024058e+02 4.105530e+01 9.069274e+05
-2.177442e+02 1.015958e+02 4.073054e+01 8.997533e+05
-2.177194e+02 1.015796e+02 4.072407e+01 8.996102e+05
-2.176943e+02 1.009696e+02 4.047951e+01 8.942078e+05
-2.176688e+02 1.015156e+02 4.069839e+01 8.990432e+05
-2.176435e+02 1.010514e+02 4.051232e+01 8.949327e+05
-2.176191e+02 1.006287e+02 4.034284e+01 8.911888e+05
-2.175949e+02 1.011860e+02 4.056625e+01 8.961240e+05
-2.175706e+02 1.009124e+02 4.045659e+01 8.937017e+05
-2.175472e+02 1.011016e+02 4.053242e+01 8.953768e+05
-2.175247e+02 1.023022e+02 4.101374e+01 9.060093e+05
-2.175022e+02 1.021811e+02 4.096520e+01 9.049371e+05
-2.174798e+02 1.019622e+02 4.087744e+01 9.029983e+05
-2.174576e+02 1.017467e+02 4.079103e+01 9.010896e+05
-2.174357e+02 1.013094e+02 4.061572e+01 8.972169e+05
-2.174143e+02 1.014101e+02 4.065612e+01 8.981092e+05
-2.173930e+02 1.011290e+02 4.054339e+01 8.956191e+05
-2.173719e+02 1.006988e+02 4.037093e+01 8.918092e+05
-2.173510e+02 1.006203e+02 4.033945e+01 8.911140e+05
-2.173300e+02 1.003607e+02 4.023539e+01 8.888152e+05
-2.173089e+02 1.003475e+02 4.023011e+01 8.886986e+05
-2.172883e+02 1.007087e+02 4.037491e+01 8.918973e+05
-2.172676e+02 1.008038e+02 4.041302e+01 8.927391e+05
-2.172464e+02 1.002375e+02 4.018601e+01 8.877244e+05
-2.172247e+02 1.013696e+02 4.063988e+01 8.977506e+05
-2.172028e+02 1.012233e+02 4.058122e+01 8.964547e+05
-2.171812e+02 1.010613e+02 4.051628e+01 8.950201e+05
-2.171602e+02 1.015328e+02 4.070529e+01 8.991955e+05
-2.171393e+02 1.010869e+02 4.052652e+01 8.952464e+05
-2.171184e+02 1.015984e+02 4.073161e+01 8.997768e+05
-2.170980e+02 1.017911e+02 4.080884e+01 9.014829e+05
-2.170775e+02 1.024739e+02 4.108258e+01 9.075300e+05
-2.170567e+02 1.029100e+02 4.125744e+01 9.113927e+05
-2.170358e+02 1.033966e+02 4.145252e+01 9.157021e+05
-2.170153e+02 1.031840e+02 4.136727e+01 9.138188e+05
-2.169956e+02 1.030007e+02 4.129378e+01 9.121954e+05
-2.169770e+02 1.025506e+02 4.111335e+01 9.082096e+05
-2.169594e+02 1.030887e+02 4.132905e+01 9.129747e+05
-2.169422e+02 1.034904e+02 4.149010e+01 9.165323e+05
-2.169249e+02 1.037319e+02 4.158694e+01 9.186715e+05
-2.169075e+02 1.037117e+02 4.157884e+01 9.184925e+05
-2.168905e+02 1.039187e+02 4.166183e+01 9.203258e+05
-2.168731e+02 1.036280e+02 4.154527e+01 9.177509e+05
-2.168549e+02 1.038857e+02 4.164861e+01 9.200338e+05
-2.168367e+02 1.045440e+02 4.191251e+01 9.258633e+05
-2.168188e+02 1.045988e+02 4.193447e+01 9.263485e+05
-2.168009e+02 1.045636e+02 4.192035e+01 9.260367e+05
-2.167831e+02 1.041563e+02 4.175708e+01 9.224299e+05
-2.167657e+02 1.043424e+02 4.183168e+01 9.240778e+05
-2.167475e+02 1.040206e+02 4.170266e+01 9.212278e+05
-2.167277e+02 1.037083e+02 4.157746e+01 9.184621e+05
-2.167077e+02 1.035311e+02 4.150643e+01 9.168930e+05
-2.166879e+02 1.039070e+02 4.165714e+01 9.202223e+05
-2.166688e+02 1.040447e+02 4.171234e+01 9.214417e+05
-2.166505e+02 1.043106e+02 4.181895e+01 9.237966e+05
-2.166326e+02 1.040971e+02 4.173333e+01 9.219054e+05
-2.166143e+02 1.045859e+02 4.192931e+01 9.262345e+05
-2.165964e+02 1.049206e+02 4.206348e+01 9.291985e+05
-2.165781e+02 1.044200e+02 4.186280e+01 9.247654e+05
-2.165589e+02 1.043536e+02 4.183616e+01 9.241769e+05
-2.165394e+02 1.050732e+02 4.212467e+01 9.305502e+05
-2.165196e+02 1.053901e+02 4.225172e+01 9.333568e+05
-2.164995e+02 1.050715e+02 4.212400e+01 9.305354e+05
-2.164795e+02 1.047037e+02 4.197652e+01 9.272774e+05
-2.164598e+02 1.049304e+02 4.206742e+01 9.292855e+05
-2.164411e+02 1.048248e+02 4.202507e+01 9.283500e+05
-2.164227e+02 1.047494e+02 4.199488e+01 9.276829e+05
-2.164039e+02 1.039996e+02 4.169427e+01 9.210424e+05
-2.163846e+02 1.041236e+02 4.174397e+01 9.221403e+05
-2.163649e+02 1.047269e+02 4.198585e+01 9.274835e+05
-2.163446e+02 1.045176e+02 4.190194e+01 9.256299e+05
-2.163238e+02 1.053372e+02 4.223053e+01 9.328885e+05
-2.163015e+02 1.053807e+02 4.224795e+01 9.332734e+05
-2.162783e+02 1.056936e+02 4.237341e+01 9.360448e+05
-2.162554e+02 1.057032e+02 4.237726e+01 9.361299e+05
-2.162321e+02 1.056571e+02 4.235875e+01 9.357211e+05
-2.162083e+02 1.048302e+02 4.202727e+01 9.283985e+05
-2.161847e+02 1.052208e+02 4.218384e+01 9.318573e+05
-2.161609e+02 1.046669e+02 4.196179e+01 9.269520e+05
-2.161374e+02 1.040357e+02 4.170872e+01 9.213617e+05
-2.161137e+02 1.038226e+02 4.162328e+01 9.194742e+05
-2.160896e+02 1.040684e+02 4.172184e+01 9.216514e+05
-2.160658e+02 1.040903e+02 4.173064e+01 9.218458e+05
-2.160423e+02 1.041231e+02 4.174379e+01 9.221362e+05
-2.160182e+02 1.045290e+02 4.190648e+01 9.257303e+05
-2.159934e+02 1.043787e+02 4.184626e+01 9.244000e+05
-2.159685e+02 1.047020e+02 4.197585e+01 9.272627e+05
-2.159433e+02 1.048550e+02 4.203720e+01 9.286178e+05
-2.159184e+02 1.045574e+02 4.191787e+01 9.259818e+05
-2.158928e+02 1.041978e+02 4.177370e+01 9.227971e+05
-2.158660e+02 1.041740e+02 4.176419e+01 9.225869e+05
-2.158387e+02 1.043364e+02 4.182930e+01 9.240252e+05
-2.158108e+02 1.046706e+02 4.196325e+01 9.269842e+05
-2.157830e+02 1.052830e+02 4.220878e+01 9.324081e+05
-2.157552e+02 1.047325e+02 4.198807e+01 9.275325e+05
-2.157273e+02 1.047044e+02 4.197683e+01 9.272842e+05
-2.156990e+02 1.048490e+02 4.203480e+01 9.285649e+05
-2.156701e+02 1.044261e+02 4.186526e+01 9.248197e+05
-2.156409e+02 1.044445e+02 4.187263e+01 9.249824e+05
-2.156114e+02 1.047910e+02 4.201155e+01 9.280513e+05
-2.155819e+02 1.048993e+02 4.205497e+01 9.290104e+05
-2.155533e+02 1.043418e+02 4.183146e+01 9.240730e+05
-2.155259e+02 1.044469e+02 4.187359e+01 9.250038e+05
-2.154984e+02 1.039400e+02 4.167038e+01 9.205146e+05
-2.154699e+02 1.032053e+02 4.137582e+01 9.140079e+05
-2.154401e+02 1.022808e+02 4.100517e+01 9.058200e+05
-2.154089e+02 1.021531e+02 4.095398e+01 9.046891e+05
-2.153769e+02 1.019731e+02 4.088183e+01 9.030953e+05
-2.153447e+02 1.019299e+02 4.086451e+01 9.027126e+05
-2.153118e+02 1.024097e+02 4.105685e+01 9.069615e+05
-2.152786e+02 1.023142e+02 4.101856e+01 9.061158e+05
-2.152444e+02 1.021765e+02 4.096337e+01 9.048967e+05
-2.152101e+02 1.021998e+02 4.097270e+01 9.051027e+05
-2.151772e+02 1.024907e+02 4.108934e+01 9.076793e+05
-2.151451e+02 1.027138e+02 4.117876e+01 9.096546e+05
-2.151130e+02 1.031792e+02 4.136534e+01 9.137763e+05
-2.150806e+02 1.025591e+02 4.111674e+01 9.082847e+05
-2.150477e+02 1.022570e+02 4.099562e+01 9.056091e+05
-2.150140e+02 1.028403e+02 4.122950e+01 9.107754e+05
-2.149798e+02 1.025687e+02 4.112058e+01 9.083693e+05
-2.149461e+02 1.027038e+02 4.117476e+01 9.095663e+05
-2.149135e+02 1.025278e+02 4.110421e+01 9.080078e+05
-2.148816e+02 1.016276e+02 4.074330e+01 9.000352e+05
-2.148504e+02 1.012399e+02 4.058788e+01 8.966019e+05
-2.148197e+02 1.010962e+02 4.053024e+01 8.953286e+05
-2.147889e+02 1.015277e+02 4.070325e+01 8.991505e+05
-2.147582e+02 1.017581e+02 4.079560e+01 9.011905e+05
-2.147284e+02 1.017140e+02 4.077796e+01 9.008008e+05
-2.146993e+02 1.012613e+02 4.059647e+01 8.967916e+05
-2.146703e+02 1.007936e+02 4.040893e+01 8.926489e+05
-2.146406e+02 1.010956e+02 4.053000e+01 8.953233e+05
-2.146106e+02 1.010928e+02 4.052889e+01 8.952987e+05
-2.145798e+02 1.007338e+02 4.038499e+01 8.921199e+05
-2.145477e+02 1.001702e+02 4.015902e+01 8.871283e+05
-2.145149e+02 9.938415e+01 3.984389e+01 8.801668e+05
-2.144818e+02 9.939520e+01 3.984831e+01 8.802646e+05
-2.144490e+02 9.999499e+01 4.008877e+01 8.855764e+05
-2.144161e+02 9.925273e+01 3.979120e+01 8.790029e+05
-2.143826e+02 9.901789e+01 3.969705e+01 8.769230e+05
-2.143480e+02 9.913670e+01 3.974468e+01 8.779753e+05
-2.143131e+02 9.959740e+01 3.992938e+01 8.820554e+05
-2.142781e+02 9.938395e+01 3.984381e+01 8.801650e+05
-2.142427e+02 9.903178e+01 3.970262e+01 8.770461e+05
-2.142079e+02 9.822866e+01 3.938064e+01 8.699335e+05
-2.141726e+02 9.846584e+01 3.947573e+01 8.720340e+05
-2.141371e+02 9.856568e+01 3.951576e+01 8.729182e+05
-2.141021e+02 9.848556e+01 3.948363e+01 8.722086e+05
-2.140670e+02 9.882329e+01 3.961903e+01 8.751997e+05
-2.140318e+02 9.944027e+01 3.986638e+01 8.806638e+05
-2.139972e+02 9.929921e+01 3.980983e+01 8.794145e+05
-2.139629e+02 9.999316e+01 4.008804e+01 8.855603e+05
-2.139288e+02 9.995734e+01 4.007368e+01 8.852431e+05
-2.138956e+02 9.964382e+01 3.994799e+01 8.824664e+05
-2.138627e+02 9.969168e+01 3.996718e+01 8.828903e+05
-2.138299e+02 9.994313e+01 4.006798e+01 8.851171e+05
-2.137982e+02 9.989046e+01 4.004687e+01 8.846507e+05
-2.137678e+02 9.979446e+01 4.000838e+01 8.838005e+05
-2.137376e+02 1.001183e+02 4.013821e+01 8.866685e+05
-2.137078e+02 9.994249e+01 4.006773e+01 8.851115e+05
-2.136785e+02 9.994216e+01 4.006760e+01 8.851086e+05
-2.136484e+02 9.946866e+01 3.987777e+01 8.809152e+05
-2.136176e+02 9.875412e+01 3.959130e+01 8.745870e+05
-2.135871e+02 9.882245e+01 3.961870e+01 8.751922e+05
-2.135571e+02 9.846255e+01 3.947441e+01 8.720049e+05
-2.135269e+02 9.830194e+01 3.941002e+01 8.705825e+05
-2.134953e+02 9.896478e+01 3.967576e+01 8.764527e+05
-2.134626e+02 9.889033e+01 3.964591e+01 8.757934e+05
-2.134287e+02 9.857552e+01 3.951970e+01 8.730054e+05
-2.133939e+02 9.859963e+01 3.952937e+01 8.732189e+05
-2.133597e+02 9.883025e+01 3.962182e+01 8.752613e+05
-2.133264e+02 9.880691e+01 3.961247e+01 8.750546e+05
-2.132933e+02 9.972201e+01 3.997934e+01 8.831589e+05
-2.132603e+02 9.985551e+01 4.003286e+01 8.843412e+05
-2.132276e+02 1.002144e+02 4.017676e+01 8.875200e+05
-2.131948e+02 1.004876e+02 4.028627e+01 8.899392e+05
-2.131612e+02 1.000442e+02 4.010851e+01 8.860125e+05
-2.131282e+02 1.005078e+02 4.029437e+01 8.901181e+05
-2.130962e+02 1.004002e+02 4.025122e+01 8.891650e+05
-2.130648e+02 1.000380e+02 4.010601e+01 8.859571e+05
-2.130337e+02 9.932954e+01 3.982199e+01 8.796831e+05
-2.130027e+02 9.952791e+01 3.990152e+01 8.814399e+05
-2.129718e+02 9.964115e+01 3.994692e+01 8.824428e+05
-2.129408e+02 1.002170e+02 4.017778e+01 8.875427e+05
-2.129105e+02 1.001533e+02 4.015226e+01 8.869787e+05
-2.128800e+02 1.004207e+02 4.025945e+01 8.893468e+05
-2.128495e+02 1.009750e+02 4.048167e+01 8.942557e+05
-2.128197e+02 1.007255e+02 4.038165e+01 8.920462e+05
-2.127898e+02 1.002481e+02 4.019024e+01 8.878179e+05
-2.127601e+02 1.003007e+02 4.021134e+01 8.882840e+05
-2.127311e+02 9.996336e+01 4.007610e+01 8.852963e+05
-2.127019e+02 1.008817e+02 4.044426e+01 8.934292e+05
-2.126723e+02 1.015053e+02 4.069428e+01 8.989524e+05
-2.126424e+02 1.010364e+02 4.050630e+01 8.947997e+05
-2.126132e+02 1.008665e+02 4.043819e+01 8.932951e+05
-2.125843e+02 1.008415e+02 4.042813e+01 8.930730e+05
-2.125552e+02 1.012893e+02 4.060766e+01 8.970388e+05
-2.125268e+02 1.014948e+02 4.069005e+01 8.988588e+05
-2.124985e+02 1.014513e+02 4.067262e+01 8.984737e+05
-2.124706e+02 1.017719e+02 4.080117e+01 9.013135e+05
-2.124427e+02 1.027763e+02 4.120384e+01 9.102087e+05
-2.124137e+02 1.031119e+02 4.133838e+01 9.131807e+05
-2.123851e+02 1.031140e+02 4.133923e+01 9.131995e+05
-2.123573e+02 1.033697e+02 4.144171e+01 9.154633e+05
-2.123295e+02 1.034568e+02 4.147666e+01 9.162353e+05
-2.123016e+02 1.033612e+02 4.143831e+01 9.153882e+05
-2.122739e+02 1.033528e+02 4.143497e+01 9.153143e+05
-2.122460e+02 1.030964e+02 4.133215e+01 9.130431e+05
-2.122177e+02 1.030998e+02 4.133353e+01 9.130735e+05
-2.121896e+02 1.031855e+02 4.136787e+01 9.138322e+05
-2.121615e+02 1.033980e+02 4.145309e+01 9.157146e+05
-2.121337e+02 1.026809e+02 4.116559e+01 9.093637e+05
-2.121067e+02 1.023368e+02 4.102764e+01 9.063163e+05
-2.120799e+02 1.027417e+02 4.118995e+01 9.099017e+05
-2.120532e+02 1.030855e+02 4.132779e+01 9.129467e+05
-2.120268e+02 1.035730e+02 4.152322e+01 9.172638e+05
-2.120006e+02 1.030166e+02 4.130015e+01 9.123362e+05
-2.119747e+02 1.033600e+02 4.143784e+01 9.153777e+05
-2.119491e+02 1.027851e+02 4.120735e+01 9.102863e+05
-2.119230e+02 1.032130e+02 4.137889e+01 9.140756e+05
-2.118968e+02 1.027967e+02 4.121202e+01 9.103893e+05
-2.118706e+02 1.022642e+02 4.099854e+01 9.056735e+05
-2.118441e+02 1.020086e+02 4.089605e+01 9.034094e+05
-2.118173e+02 1.020684e+02 4.092003e+01 9.039391e+05
-2.117907e+02 1.023613e+02 4.103743e+01 9.065327e+05
-2.117646e+02 1.024047e+02 4.105486e+01 9.069176e+05
-2.117391e+02 1.017510e+02 4.079278e+01 9.011281e+05
-2.117131e+02 1.018333e+02 4.082576e+01 9.018567e+05
-2.116863e+02 1.015663e+02 4.071873e+01 8.994923e+05
-2.116588e+02 1.008890e+02 4.044717e+01 8.934936e+05
-2.116313e+02 1.008530e+02 4.043275e+01 8.931750e+05
-2.116048e+02 1.017355e+02 4.078656e+01 9.009908e+05
-2.115787e+02 1.019635e+02 4.087798e+01 9.030104e+05
-2.115531e+02 1.026881e+02 4.116845e+01 9.094269e+05
-2.115275e+02 1.027377e+02 4.118836e+01 9.098666e+05
-2.115011e+02 1.029346e+02 4.126730e+01 9.116105e+05
-2.114745e+02 1.033418e+02 4.143055e+01 9.152167e+05
-2.114477e+02 1.033431e+02 4.143104e+01 9.152276e+05
-2.114197e+02 1.037382e+02 4.158948e+01 9.187275e+05
-2.113911e+02 1.038800e+02 4.164631e+01 9.199829e+05
-2.113627e+02 1.041479e+02 4.175372e+01 9.223557e+05
-2.113342e+02 1.047501e+02 4.199512e+01 9.276884e+05
-2.113053e+02 1.044910e+02 4.189126e+01 9.253941e+05
-2.112759e+02 1.051911e+02 4.217196e+01 9.315947e+05
-2.112461e+02 1.052704e+02 4.220373e+01 9.322967e+05
-2.112171e+02 1.048212e+02 4.202365e+01 9.283185e+05
-2.111887e+02 1.046607e+02 4.195930e+01 9.268969e+05
-2.111609e+02 1.045361e+02 4.190933e+01 9.257932e+05
-2.111332e+02 1.050089e+02 4.209891e+01 9.299810e+05
-2.111048e+02 1.049078e+02 4.205834e+01 9.290850e+05
-2.110762e+02 1.045227e+02 4.190395e+01 9.256744e+05
-2.110478e+02 1.044479e+02 4.187397e+01 9.250121e+05
-2.110198e+02 1.043539e+02 4.183630e+01 9.241799e+05
-2.109922e+02 1.044987e+02 4.189434e+01 9.254621e+05
-2.109640e+02 1.048405e+02 4.203136e+01 9.284889e+05
-2.109351e+02 1.040407e+02 4.171072e+01 9.214058e+05
-2.109062e+02 1.041773e+02 4.176549e+01 9.226158e+05
-2.108774e+02 1.048735e+02 4.204461e+01 9.287815e+05
-2.108489e+02 1.048536e+02 4.203662e+01 9.286051e+05
-2.108211e+02 1.056818e+02 4.236864e+01 9.359396e+05
-2.107939e+02 1.053437e+02 4.223312e+01 9.329458e+05
-2.107666e+02 1.057934e+02 4.241339e+01 9.369282e+05
-2.107392e+02 1.063278e+02 4.262766e+01 9.416613e+05
-2.107121e+02 1.056503e+02 4.235603e+01 9.356610e+05
-2.106852e+02 1.057513e+02 4.239654e+01 9.365559e+05
-2.106588e+02 1.053954e+02 4.225385e+01 9.334038e+05
-2.106318e+02 1.053475e+02 4.223464e+01 9.329794e+05
-2.106043e+02 1.055112e+02 4.230027e+01 9.344292e+05
-2.105764e+02 1.059856e+02 4.249045e+01 9.386303e+05
-2.105478e+02 1.056107e+02 4.234016e+01 9.353105e+05
-2.105186e+02 1.062334e+02 4.258982e+01 9.408255e+05
-2.104887e+02 1.071646e+02 4.296313e+01 9.490720e+05
-2.104586e+02 1.072156e+02 4.298358e+01 9.495239e+05
-2.104281e+02 1.071033e+02 4.293854e+01 9.485289e+05
-2.103973e+02 1.063271e+02 4.262738e+01 9.416552e+05
-2.103664e+02 1.062080e+02 4.257963e+01 9.406003e+05
-2.103351e+02 1.051841e+02 4.216912e+01 9.315320e+05
-2.103038e+02 1.049246e+02 4.206509e+01 9.292340e+05
-2.102727e+02 1.050733e+02 4.212470e+01 9.305508e+05
-2.102408e+02 1.054818e+02 4.228847e+01 9.341686e+05
-2.102084e+02 1.055444e+02 4.231357e+01 9.347230e+05
-2.101761e+02 1.054717e+02 4.228442e+01 9.340790e+05
-2.101435e+02 1.050105e+02 4.209952e+01 9.299945e+05
-2.101106e+02 1.050694e+02 4.212313e+01 9.305161e+05
-2.100780e+02 1.058737e+02 4.244561e+01 9.376399e+05
-2.100455e+02 1.061639e+02 4.256193e+01 9.402095e+05
-2.100124e+02 1.061495e+02 4.255618e+01 9.400824e+05
-2.099788e+02 1.058259e+02 4.242643e+01 9.372161e+05
-2.099443e+02 1.063560e+02 4.263897e+01 9.419112e+05
-2.099090e+02 1.068764e+02 4.284760e+01 9.465200e+05
-2.098733e+02 1.067389e+02 4.279248e+01 9.453024e+05
-2.098370e+02 1.062857e+02 4.261079e+01 9.412887e+05
-2.098005e+02 1.058217e+02 4.242475e+01 9.371790e+05
-2.097640e+02 1.057098e+02 4.237991e+01 9.361884e+05
-2.097276e+02 1.063348e+02 4.263046e+01 9.417233e+05
-2.096915e+02 1.060667e+02 4.252296e+01 9.393484e+05
-2.096556e+02 1.066529e+02 4.275798e+01 9.445402e+05
-2.096197e+02 1.064351e+02 4.267065e+01 9.426110e+05
-2.095835e+02 1.066960e+02 4.277526e+01 9.449218e+05
-2.095470e+02 1.068774e+02 4.284800e+01 9.465288e+05
-2.095107e+02 1.074303e+02 4.306965e+01 9.514250e+05
-2.094744e+02 1.073312e+02 4.302993e+01 9.505477e+05
-2.094380e+02 1.071881e+02 4.297256e+01 9.492804e+05
-2.094021e+02 1.067918e+02 4.281369e+01 9.457708e+05
-2.093669e+02 1.071172e+02 4.294412e+01 9.486522e+05
-2.093323e+02 1.067749e+02 4.280691e+01 9.456210e+05
-2.092981e+02 1.064426e+02 4.267367e+01 9.426778e+05
-2.092640e+02 1.067586e+02 4.280035e+01 9.454762e+05
-2.092301e+02 1.061446e+02 4.255421e+01 9.400388e+05
-2.091963e+02 1.059825e+02 4.248923e+01 9.386034e+05
-2.091626e+02 1.062960e+02 4.261490e+01 9.413796e+05
-2.091290e+02 1.058893e+02 4.245185e+01 9.377776e+05
-2.090952e+02 1.063196e+02 4.262435e+01 9.415883e+05
-2.090611e+02 1.065771e+02 4.272761e+01 9.438693e+05
-2.090267e+02 1.062710e+02 4.260486e+01 9.411578e+05
-2.089928e+02 1.065833e+02 4.273009e+01 9.439240e+05
-2.089587e+02 1.066756e+02 4.276710e+01 9.447416e+05
-2.089243e+02 1.064543e+02 4.267835e+01 9.427812e+05
-2.088902e+02 1.063061e+02 4.261895e+01 9.414690e+05
-2.088566e+02 1.059502e+02 4.247628e+01 9.383174e+05
-2.088239e+02 1.057720e+02 4.240482e+01 9.367388e+05
-2.087918e+02 1.058222e+02 4.242494e+01 9.371832e+05
-2.087596e+02 1.065090e+02 4.270031e+01 9.432662e+05
-2.087278e+02 1.063548e+02 4.263847e+01 9.419002e+05
-2.086964e+02 1.066831e+02 4.277007e+01 9.448074e+05
-2.086657e+02 1.065455e+02 4.271491e+01 9.435889e+05
-2.086366e+02 1.063575e+02 4.263954e+01 9.419239e+05
-2.086084e+02 1.064200e+02 4.266463e+01 9.424781e+05
-2.085793e+02 1.062183e+02 4.258376e+01 9.406916e+05
-2.085502e+02 1.059917e+02 4.249290e+01 9.386845e+05
-2.085212e+02 1.059134e+02 4.246152e+01 9.379914e+05
-2.084916e+02 1.057062e+02 4.237846e+01 9.361564e+05
-2.084615e+02 1.058759e+02 4.244648e+01 9.376591e+05
-2.084317e+02 1.058894e+02 4.245190e+01 9.377788e+05
-2.084026e+02 1.060915e+02 4.253292e+01 9.395686e+05
-2.083736e+02 1.064000e+02 4.265661e+01 9.423008e+05
-2.083456e+02 1.067507e+02 4.279719e+01 9.454063e+05
-2.083184e+02 1.066109e+02 4.274115e+01 9.441684e+05
-2.082911e+02 1.068053e+02 4.281910e+01 9.458904e+05
-2.082623e+02 1.062873e+02 4.261142e+01 9.413027e+05
-2.082327e+02 1.060936e+02 4.253375e+01 9.395869e+05
-2.082034e+02 1.059899e+02 4.249219e+01 9.386689e+05
-2.081741e+02 1.060815e+02 4.252891e+01 9.394800e+05
-2.081449e+02 1.058222e+02 4.242494e+01 9.371832e+05
-2.081155e+02 1.058052e+02 4.241814e+01 9.370331e+05
-2.080861e+02 1.062775e+02 4.260747e+01 9.412154e+05
-2.080571e+02 1.065116e+02 4.270132e+01 9.432885e+05
-2.080282e+02 1.067376e+02 4.279193e+01 9.452902e+05
-2.079993e+02 1.067074e+02 4.277985e+01 9.450234e+05
-2.079715e+02 1.072287e+02 4.298882e+01 9.496396e+05
-2.079446e+02 1.067860e+02 4.281133e+01 9.457188e+05
-2.079183e+02 1.068440e+02 4.283461e+01 9.462330e+05
-2.078922e+02 1.064597e+02 4.268054e+01 9.428295e+05
-2.078672e+02 1.062960e+02 4.261490e+01 9.413796e+05
-2.078431e+02 1.059283e+02 4.246747e+01 9.381227e+05
-2.078196e+02 1.055418e+02 4.231252e+01 9.346998e+05
-2.077967e+02 1.055799e+02 4.232782e+01 9.350379e+05
-2.077741e+02 1.054653e+02 4.228186e+01 9.340224e+05
-2.077515e+02 1.058451e+02 4.243412e+01 9.373860e+05
-2.077292e+02 1.056375e+02 4.235092e+01 9.355480e+05
-2.077069e+02 1.063296e+02 4.262838e+01 9.416774e+05
-2.076836e+02 1.071824e+02 4.297025e+01 9.492292e+05
-2.076602e+02 1.067579e+02 4.280008e+01 9.454701e+05
-2.076372e+02 1.070020e+02 4.289793e+01 9.476317e+05
-2.076141e+02 1.073967e+02 4.305617e+01 9.511274e+05
-2.075907e+02 1.068247e+02 4.282686e+01 9.460619e+05
-2.075670e+02 1.062168e+02 4.258315e+01 9.406781e+05
-2.075437e+02 1.067899e+02 4.281289e+01 9.457532e+05
-2.075209e+02 1.060455e+02 4.251446e+01 9.391607e+05
-2.074986e+02 1.063081e+02 4.261974e+01 9.414864e+05
-2.074773e+02 1.057313e+02 4.238849e+01 9.363781e+05
-2.074563e+02 1.062770e+02 4.260727e+01 9.412110e+05
-2.074352e+02 1.052997e+02 4.221548e+01 9.325563e+05
-2.074144e+02 1.057244e+02 4.238573e+01 9.363170e+05
-2.073938e+02 1.055654e+02 4.232199e+01 9.349089e+05
-2.073732e+02 1.053299e+02 4.222759e+01 9.328238e+05
-2.073528e+02 1.057543e+02 4.239771e+01 9.365817e+05
-2.073320e+02 1.059849e+02 4.249017e+01 9.386241e+05
-2.073114e+02 1.061173e+02 4.254326e+01 9.397969e+05
-2.072914e+02 1.057558e+02 4.239835e+01 9.365958e+05
-2.072718e+02 1.051291e+02 4.214710e+01 9.310456e+05
-2.072521e+02 1.055236e+02 4.230524e+01 9.345391e+05
-2.072323e+02 1.054090e+02 4.225928e+01 9.335237e+05
-2.072139e+02 1.050861e+02 4.212984e+01 9.306643e+05
-2.071967e+02 1.056106e+02 4.234010e+01 9.353092e+05
-2.071801e+02 1.057409e+02 4.239237e+01 9.364637e+05
-2.071640e+02 1.051319e+02 4.214821e+01 9.310702e+05
-2.071485e+02 1.050140e+02 4.210093e+01 9.300256e+05
-2.071332e+02 1.056740e+02 4.236554e+01 9.358710e+05
-2.071176e+02 1.063156e+02 4.262275e+01 9.415530e+05
-2.071015e+02 1.061068e+02 4.253906e+01 9.397043e+05
-2.070856e+02 1.061879e+02 4.257157e+01 9.404223e+05
-2.070701e+02 1.060061e+02 4.249866e+01 9.388117e+05
-2.070543e+02 1.061158e+02 4.254267e+01 9.397838e+05
-2.070391e+02 1.062409e+02 4.259283e+01 9.408919e+05
-2.070246e+02 1.060595e+02 4.252010e+01 9.392853e+05
-2.070100e+02 1.062831e+02 4.260974e+01 9.412656e+05
-2.069955e+02 1.062193e+02 4.258415e+01 9.407002e+05
-2.069806e+02 1.057101e+02 4.238001e+01 9.361907e+05
-2.069647e+02 1.051115e+02 4.214001e+01 9.308891e+05
-2.069478e+02 1.058648e+02 4.244204e+01 9.375609e+05
-2.069305e+02 1.055857e+02 4.233014e+01 9.350891e+05
-2.069129e+02 1.055890e+02 4.233145e+01 9.351179e+05
-2.068955e+02 1.061888e+02 4.257191e+01 9.404298e+05
-2.068785e+02 1.062803e+02 4.260859e+01 9.412402e+05
-2.068621e+02 1.068938e+02 4.285456e+01 9.466738e+05
-2.068466e+02 1.064145e+02 4.266240e+01 9.424288e+05
-2.068313e+02 1.062088e+02 4.257995e+01 9.406075e+05
-2.068155e+02 1.067382e+02 4.279219e+01 9.452959e+05
-2.067996e+02 1.067876e+02 4.281199e+01 9.457334e+05
-2.067840e+02 1.069204e+02 4.286523e+01 9.469094e+05
-2.067687e+02 1.072975e+02 4.301641e+01 9.502490e+05
-2.067539e+02 1.076361e+02 4.315216e+01 9.532479e+05
-2.067398e+02 1.076128e+02 4.314281e+01 9.530413e+05
-2.067268e+02 1.072236e+02 4.298678e+01 9.495945e+05
-2.067150e+02 1.077322e+02 4.319069e+01 9.540989e+05
-2.067038e+02 1.076677e+02 4.316481e+01 9.535273e+05
-2.066934e+02 1.079009e+02 4.325830e+01 9.555925e+05
-2.066831e+02 1.078287e+02 4.322936e+01 9.549532e+05
-2.066721e+02 1.083015e+02 4.341893e+01 9.591409e+05
-2.066606e+02 1.087980e+02 4.361795e+01 9.635374e+05
-2.066489e+02 1.096011e+02 4.393994e+01 9.706501e+05
-2.066370e+02 1.102786e+02 4.421156e+01 9.766504e+05
-2.066248e+02 1.101810e+02 4.417241e+01 9.757855e+05
-2.066122e+02 1.095109e+02 4.390376e+01 9.698510e+05
-2.066000e+02 1.095535e+02 4.392085e+01 9.702285e+05
-2.065875e+02 1.097699e+02 4.400762e+01 9.721453e+05
-2.065742e+02 1.102408e+02 4.419639e+01 9.763153e+05
-2.065612e+02 1.105352e+02 4.431441e+01 9.789223e+05
-2.065481e+02 1.108072e+02 4.442346e+01 9.813313e+05
-2.065345e+02 1.105016e+02 4.430095e+01 9.786251e+05
-2.065206e+02 1.102486e+02 4.419954e+01 9.763848e+05
-2.065071e+02 1.100422e+02 4.411677e+01 9.745563e+05
-2.064939e+02 1.102949e+02 4.421810e+01 9.767948e+05
-2.064810e+02 1.106129e+02 4.434558e+01 9.796108e+05
-2.064686e+02 1.108664e+02 4.444722e+01 9.818562e+05
-2.064564e+02 1.112859e+02 4.461541e+01 9.855715e+05
-2.064440e+02 1.113375e+02 4.463608e+01 9.860281e+05
-2.064313e+02 1.108647e+02 4.444652e+01 9.818406e+05
-2.064187e+02 1.110567e+02 4.452350e+01 9.835413e+05
-2.064061e+02 1.115619e+02 4.472606e+01 9.880158e+05
-2.063938e+02 1.118025e+02 4.482250e+01 9.901462e+05
-2.063811e+02 1.116186e+02 4.474877e+01 9.885175e+05
-2.063681e+02 1.115753e+02 4.473141e+01 9.881340e+05
-2.063552e+02 1.118055e+02 4.482371e+01 9.901730e+05
-2.063427e+02 1.123178e+02 4.502908e+01 9.947098e+05
-2.063304e+02 1.125119e+02 4.510688e+01 9.964284e+05
-2.063183e+02 1.125873e+02 4.513714e+01 9.970968e+05
-2.063067e+02 1.127781e+02 4.521361e+01 9.987860e+05
-2.062954e+02 1.125825e+02 4.513522e+01 9.970543e+05
-2.062848e+02 1.124852e+02 4.509622e+01 9.961928e+05
-2.062748e+02 1.124352e+02 4.507617e+01 9.957500e+05
-2.062646e+02 1.122626e+02 4.500695e+01 9.942207e+05
-2.062543e+02 1.123189e+02 4.502953e+01 9.947196e+05
-2.062441e+02 1.118561e+02 4.484399e+01 9.906210e+05
-2.062335e+02 1.116503e+02 4.476147e+01 9.887980e+05
-2.062229e+02 1.112094e+02 4.458474e+01 9.848941e+05
-2.062121e+02 1.108602e+02 4.444472e+01 9.818008e+05
-2.062005e+02 1.103759e+02 4.425055e+01 9.775117e+05
-2.061889e+02 1.107863e+02 4.441508e+01 9.811462e+05
-2.061773e+02 1.103639e+02 4.424577e+01 9.774060e+05
-2.061660e+02 1.096184e+02 4.394690e+01 9.708038e+05
-2.061556e+02 1.102054e+02 4.418221e+01 9.760020e+05
-2.061459e+02 1.116613e+02 4.476588e+01 9.888955e+05
-2.061362e+02 1.116956e+02 4.477966e+01 9.891998e+05
-2.061267e+02 1.117364e+02 4.479599e+01 9.895606e+05
-2.061177e+02 1.120985e+02 4.494119e+01 9.927680e+05
-2.061079e+02 1.115909e+02 4.473768e+01 9.882724e+05
-2.060969e+02 1.116740e+02 4.477099e+01 9.890085e+05
-2.060854e+02 1.113984e+02 4.466049e+01 9.865673e+05
-2.060745e+02 1.116036e+02 4.474276e+01 9.883846e+05
-2.060638e+02 1.117664e+02 4.480804e+01 9.898267e+05
-2.060528e+02 1.114749e+02 4.469115e+01 9.872446e+05
-2.060418e+02 1.113050e+02 4.462306e+01 9.857405e+05
-2.060307e+02 1.115178e+02 4.470835e+01 9.876246e+05
-2.060200e+02 1.112981e+02 4.462027e+01 9.856790e+05
-2.060102e+02 1.121598e+02 4.496573e+01 9.933103e+05
-2.060012e+02 1.124607e+02 4.508638e+01 9.959754e+05
-2.059922e+02 1.122141e+02 4.498751e+01 9.937913e+05
-2.059838e+02 1.126145e+02 4.514806e+01 9.973379e+05
-2.059750e+02 1.126427e+02 4.515934e+01 9.975872e+05
-2.059655e+02 1.123426e+02 4.503901e+01 9.949291e+05
-2.059563e+02 1.130884e+02 4.533805e+01 1.001535e+06
-2.059467e+02 1.124205e+02 4.507025e+01 9.956192e+05
-2.059368e+02 1.124531e+02 4.508332e+01 9.959078e+05
-2.059275e+02 1.127950e+02 4.522040e+01 9.989359e+05
-2.059193e+02 1.130189e+02 4.531016e+01 1.000919e+06
-2.059116e+02 1.119928e+02 4.489879e+01 9.918315e+05
-2.059030e+02 1.123873e+02 4.505696e+01 9.953256e+05
-2.058939e+02 1.119978e+02 4.490080e+01 9.918759e+05
-2.058839e+02 1.114183e+02 4.466845e+01 9.867432e+05
-2.058740e+02 1.115724e+02 4.473026e+01 9.881086e+05
-2.058650e+02 1.115626e+02 4.472631e+01 9.880214e+05
-2.058559e+02 1.118564e+02 4.484411e+01 9.906236e+05
-2.058467e+02 1.113524e+02 4.464203e+01 9.861596e+05
-2.058379e+02 1.112999e+02 4.462100e+01 9.856950e+05
-2.058299e+02 1.110083e+02 4.450411e+01 9.831130e+05
-2.058214e+02 1.115374e+02 4.471622e+01 9.877984e+05
-2.058127e+02 1.117105e+02 4.478563e+01 9.893318e+05
-2.058051e+02 1.123367e+02 4.503667e+01 9.948773e+05
-2.057989e+02 1.125151e+02 4.510821e+01 9.964576e+05
-2.057941e+02 1.120512e+02 4.492222e+01 9.923491e+05
-2.057895e+02 1.116269e+02 4.475210e+01 9.885912e+05
-2.057846e+02 1.116567e+02 4.476406e+01 9.888554e+05
-2.057799e+02 1.115088e+02 4.470475e+01 9.875450e+05
-2.057744e+02 1.118842e+02 4.485527e+01 9.908702e+05
-2.057686e+02 1.114845e+02 4.469500e+01 9.873296e+05
-2.057626e+02 1.105757e+02 4.433065e+01 9.792811e+05
-2.057557e+02 1.097161e+02 4.398603e+01 9.716683e+05
-2.057482e+02 1.100997e+02 4.413983e+01 9.750659e+05
-2.057408e+02 1.101575e+02 4.416302e+01 9.755780e+05
-2.057337e+02 1.098957e+02 4.405806e+01 9.732595e+05
-2.057276e+02 1.100880e+02 4.413516e+01 9.749627e+05
-2.057226e+02 1.106000e+02 4.434039e+01 9.794962e+05
-2.057181e+02 1.103802e+02 4.425228e+01 9.775499e+05
-2.057140e+02 1.101737e+02 4.416951e+01 9.757215e+05
-2.057102e+02 1.100942e+02 4.413765e+01 9.750175e+05
-2.057071e+02 1.101398e+02 4.415591e+01 9.754211e+05
-2.057053e+02 1.103398e+02 4.423610e+01 9.771924e+05
-2.057047e+02 1.101587e+02 4.416348e+01 9.755883e+05
-2.057042e+02 1.104778e+02 4.429142e+01 9.784144e+05
-2.057047e+02 1.109661e+02 4.448716e+01 9.827385e+05
-2.057075e+02 1.107974e+02 4.441955e+01 9.812450e+05
-2.057118e+02 1.108255e+02 4.443083e+01 9.814941e+05
-2.057173e+02 1.113985e+02 4.466054e+01 9.865686e+05
-2.057233e+02 1.107458e+02 4.439886e+01 9.807879e+05
-2.057283e+02 1.101101e+02 4.414399e+01 9.751577e+05
-2.057331e+02 1.103031e+02 4.422139e+01 9.768674e+05
-2.057381e+02 1.105821e+02 4.433323e+01 9.793381e+05
-2.057423e+02 1.110153e+02 4.450691e+01 9.831747e+05
-2.057454e+02 1.114800e+02 4.469322e+01 9.872904e+05
-2.057487e+02 1.115250e+02 4.471125e+01 9.876888e+05
-2.057528e+02 1.101523e+02 4.416093e+01 9.755318e+05
-2.057578e+02 1.099307e+02 4.407209e+01 9.735695e+05
-2.057641e+02 1.104731e+02 4.428953e+01 9.783726e+05
-2.057721e+02 1.102478e+02 4.419921e+01 9.763775e+05
-2.057802e+02 1.105935e+02 4.433782e+01 9.794394e+05
-2.057874e+02 1.112370e+02 4.459580e+01 9.851384e+05
-2.057946e+02 1.108898e+02 4.445660e+01 9.820633e+05
-2.058042e+02 1.106578e+02 4.436359e+01 9.800087e+05
-2.058158e+02 1.105570e+02 4.432317e+01 9.791158e+05
-2.058277e+02 1.107197e+02 4.438841e+01 9.805570e+05
-2.058390e+02 1.111037e+02 4.454234e+01 9.839574e+05
-2.058504e+02 1.109260e+02 4.447111e+01 9.823839e+05
-2.058628e+02 1.104907e+02 4.429660e+01 9.785288e+05
-2.058766e+02 1.112807e+02 4.461331e+01 9.855252e+05
-2.058906e+02 1.108681e+02 4.444789e+01 9.818710e+05
-2.059042e+02 1.113608e+02 4.464541e+01 9.862341e+05
-2.059182e+02 1.116592e+02 4.476506e+01 9.888773e+05
-2.059320e+02 1.122634e+02 4.500729e+01 9.942283e+05
-2.059458e+02 1.127815e+02 4.521498e+01 9.988163e+05
-2.059592e+02 1.125251e+02 4.511221e+01 9.965461e+05
-2.059721e+02 1.130675e+02 4.532965e+01 1.001349e+06
-2.059856e+02 1.136950e+02 4.558122e+01 1.006907e+06
-2.059990e+02 1.135505e+02 4.552328e+01 1.005627e+06
-2.060125e+02 1.142481e+02 4.580296e+01 1.011805e+06
-2.060268e+02 1.143502e+02 4.584391e+01 1.012709e+06
-2.060418e+02 1.152189e+02 4.619214e+01 1.020402e+06
-2.060573e+02 1.145655e+02 4.593020e+01 1.014616e+06
-2.060731e+02 1.138667e+02 4.565004e+01 1.008427e+06
-2.060893e+02 1.143285e+02 4.583520e+01 1.012517e+06
-2.061063e+02 1.142312e+02 4.579618e+01 1.011655e+06
-2.061237e+02 1.142156e+02 4.578992e+01 1.011517e+06
-2.061418e+02 1.139238e+02 4.567296e+01 1.008933e+06
-2.061602e+02 1.138175e+02 4.563032e+01 1.007991e+06
-2.061784e+02 1.138136e+02 4.562879e+01 1.007957e+06
-2.061978e+02 1.133287e+02 4.543435e+01 1.003662e+06
-2.062192e+02 1.129231e+02 4.527177e+01 1.000071e+06
-2.062415e+02 1.128858e+02 4.525681e+01 9.997404e+05
-2.062648e+02 1.129072e+02 4.526539e+01 9.999299e+05
-2.062886e+02 1.127962e+02 4.522086e+01 9.989462e+05
-2.063132e+02 1.132504e+02 4.540296e+01 1.002969e+06
-2.063387e+02 1.130143e+02 4.530831e+01 1.000878e+06
-2.063652e+02 1.140518e+02 4.572425e+01 1.010066e+06
-2.063925e+02 1.139788e+02 4.569500e+01 1.009420e+06
-2.064185e+02 1.144963e+02 4.590249e+01 1.014004e+06
-2.064438e+02 1.147386e+02 4.599962e+01 1.016149e+06
-2.064698e+02 1.154411e+02 4.628125e+01 1.022371e+06
-2.064962e+02 1.151392e+02 4.616022e+01 1.019697e+06
-2.065226e+02 1.156330e+02 4.635816e+01 1.024070e+06
-2.065486e+02 1.167314e+02 4.679855e+01 1.033798e+06
