#E_pot  E_kin  T  P
-4.281320e+02 4.990088e+02 2.000566e+02 8.631496e+06
-4.281228e+02 5.003244e+02 2.005840e+02 8.654252e+06
-4.280991e+02 5.002694e+02 2.005619e+02 8.653301e+06
-4.280612e+02 4.980525e+02 1.996731e+02 8.614954e+06
-4.280088e+02 4.945584e+02 1.982724e+02 8.554517e+06
-4.279419e+02 4.948583e+02 1.983926e+02 8.559703e+06
-4.278605e+02 4.930520e+02 1.976684e+02 8.528459e+06
-4.277650e+02 4.905791e+02 1.966770e+02 8.485685e+06
-4.276555e+02 4.894568e+02 1.962271e+02 8.466272e+06
-4.275322e+02 4.902338e+02 1.965386e+02 8.479713e+06
-4.273956e+02 4.890979e+02 1.960832e+02 8.460064e+06
-4.272459e+02 4.852527e+02 1.945416e+02 8.393552e+06
-4.270828e+02 4.862233e+02 1.949307e+02 8.410341e+06
-4.269059e+02 4.849825e+02 1.944333e+02 8.388878e+06
-4.267159e+02 4.817600e+02 1.931414e+02 8.333139e+06
-4.265127e+02 4.810106e+02 1.928409e+02 8.320177e+06
-4.262962e+02 4.808788e+02 1.927881e+02 8.317896e+06
-4.260656e+02 4.831577e+02 1.937017e+02 8.357315e+06
-4.258210e+02 4.805661e+02 1.926627e+02 8.312487e+06
-4.255632e+02 4.787885e+02 1.919501e+02 8.281740e+06
-4.252915e+02 4.784844e+02 1.918281e+02 8.276479e+06
-4.250052e+02 4.780079e+02 1.916371e+02 8.268238e+06
-4.247041e+02 4.776011e+02 1.914740e+02 8.261201e+06
-4.243894e+02 4.756112e+02 1.906763e+02 8.226782e+06
-4.240614e+02 4.744157e+02 1.901970e+02 8.206102e+06
-4.237193e+02 4.745643e+02 1.902565e+02 8.208672e+06
-4.233622e+02 4.732648e+02 1.897356e+02 8.186195e+06
-4.229911e+02 4.714014e+02 1.889885e+02 8.153963e+06
-4.226060e+02 4.722246e+02 1.893185e+02 8.168202e+06
-4.222060e+02 4.732248e+02 1.897196e+02 8.185504e+06
-4.217923e+02 4.735507e+02 1.898502e+02 8.191141e+06
-4.213645e+02 4.729926e+02 1.896265e+02 8.181487e+06
-4.209225e+02 4.713577e+02 1.889710e+02 8.153207e+06
-4.204664e+02 4.715404e+02 1.890442e+02 8.156367e+06
-4.199949e+02 4.706475e+02 1.886863e+02 8.140922e+06
-4.195087e+02 4.682586e+02 1.877285e+02 8.099600e+06
-4.190071e+02 4.683503e+02 1.877653e+02 8.101187e+06
-4.184894e+02 4.683280e+02 1.877564e+02 8.100801e+06
-4.179565e+02 4.721881e+02 1.893039e+02 8.167570e+06
-4.174090e+02 4.686821e+02 1.878984e+02 8.106927e+06
-4.168480e+02 4.675894e+02 1.874603e+02 8.088025e+06
-4.162714e+02 4.684921e+02 1.878222e+02 8.103640e+06
-4.156796e+02 4.672631e+02 1.873294e+02 8.082381e+06
-4.150737e+02 4.669208e+02 1.871922e+02 8.076460e+06
-4.144530e+02 4.673574e+02 1.873673e+02 8.084013e+06
-4.138177e+02 4.659785e+02 1.868144e+02 8.060161e+06
-4.131667e+02 4.655301e+02 1.866347e+02 8.052405e+06
-4.125024e+02 4.627371e+02 1.855149e+02 8.004094e+06
-4.118266e+02 4.624704e+02 1.854080e+02 7.999481e+06
-4.111373e+02 4.608277e+02 1.847494e+02 7.971066e+06
-4.104335e+02 4.588511e+02 1.839570e+02 7.936877e+06
-4.097145e+02 4.547070e+02 1.822956e+02 7.865195e+06
-4.089779e+02 4.547002e+02 1.822929e+02 7.865078e+06
-4.082250e+02 4.540549e+02 1.820342e+02 7.853915e+06
-4.074591e+02 4.515528e+02 1.810311e+02 7.810636e+06
-4.066775e+02 4.512295e+02 1.809015e+02 7.805044e+06
-4.058822e+02 4.499349e+02 1.803824e+02 7.782651e+06
-4.050730e+02 4.498948e+02 1.803664e+02 7.781958e+06
-4.042486e+02 4.487726e+02 1.799165e+02 7.762547e+06
-4.034136e+02 4.484185e+02 1.797745e+02 7.756422e+06
-4.025689e+02 4.461178e+02 1.788521e+02 7.716625e+06
-4.017113e+02 4.460265e+02 1.788155e+02 7.715046e+06
-4.008346e+02 4.473047e+02 1.793279e+02 7.737155e+06
-3.999421e+02 4.471541e+02 1.792676e+02 7.734551e+06
-3.990376e+02 4.439652e+02 1.779891e+02 7.679391e+06
-3.981163e+02 4.440538e+02 1.780247e+02 7.680925e+06
-3.971803e+02 4.464095e+02 1.789691e+02 7.721671e+06
-3.962329e+02 4.474637e+02 1.793917e+02 7.739906e+06
-3.952753e+02 4.456900e+02 1.786806e+02 7.709226e+06
-3.943065e+02 4.473565e+02 1.793487e+02 7.738051e+06
-3.933235e+02 4.477664e+02 1.795131e+02 7.745141e+06
-3.923247e+02 4.466119e+02 1.790502e+02 7.725173e+06
-3.913115e+02 4.481846e+02 1.796807e+02 7.752375e+06
-3.902886e+02 4.476864e+02 1.794810e+02 7.743758e+06
-3.892561e+02 4.512053e+02 1.808918e+02 7.804626e+06
-3.882148e+02 4.507261e+02 1.806996e+02 7.796336e+06
-3.871704e+02 4.458808e+02 1.787571e+02 7.712525e+06
-3.861209e+02 4.448755e+02 1.783541e+02 7.695136e+06
-3.850551e+02 4.435457e+02 1.778210e+02 7.672135e+06
-3.839756e+02 4.460120e+02 1.788097e+02 7.714796e+06
-3.828873e+02 4.447784e+02 1.783152e+02 7.693458e+06
-3.817948e+02 4.441182e+02 1.780505e+02 7.682039e+06
-3.806993e+02 4.446428e+02 1.782608e+02 7.691111e+06
-3.795946e+02 4.419392e+02 1.771769e+02 7.644347e+06
-3.784822e+02 4.406365e+02 1.766546e+02 7.621814e+06
-3.773646e+02 4.380468e+02 1.756164e+02 7.577020e+06
-3.762434e+02 4.356833e+02 1.746689e+02 7.536137e+06
-3.751180e+02 4.381926e+02 1.756749e+02 7.579542e+06
-3.739845e+02 4.367214e+02 1.750850e+02 7.554094e+06
-3.728436e+02 4.344317e+02 1.741671e+02 7.514487e+06
-3.717025e+02 4.326805e+02 1.734650e+02 7.484196e+06
-3.705592e+02 4.318765e+02 1.731427e+02 7.470290e+06
-3.694103e+02 4.322533e+02 1.732937e+02 7.476807e+06
-3.682609e+02 4.302653e+02 1.724968e+02 7.442421e+06
-3.671190e+02 4.303379e+02 1.725258e+02 7.443676e+06
-3.659817e+02 4.298046e+02 1.723120e+02 7.434451e+06
-3.648369e+02 4.309310e+02 1.727636e+02 7.453935e+06
-3.636910e+02 4.292888e+02 1.721052e+02 7.425529e+06
-3.625515e+02 4.281666e+02 1.716553e+02 7.406118e+06
-3.614168e+02 4.277446e+02 1.714862e+02 7.398818e+06
-3.602890e+02 4.285440e+02 1.718066e+02 7.412646e+06
-3.591713e+02 4.248960e+02 1.703442e+02 7.349547e+06
-3.580641e+02 4.240209e+02 1.699933e+02 7.334408e+06
-3.569577e+02 4.232686e+02 1.696917e+02 7.321396e+06
-3.558463e+02 4.214784e+02 1.689740e+02 7.290431e+06
-3.547379e+02 4.186099e+02 1.678240e+02 7.240813e+06
-3.536335e+02 4.154711e+02 1.665656e+02 7.186520e+06
-3.525410e+02 4.162290e+02 1.668695e+02 7.199630e+06
-3.514652e+02 4.132714e+02 1.656837e+02 7.148471e+06
-3.503978e+02 4.147861e+02 1.662910e+02 7.174672e+06
-3.493483e+02 4.103939e+02 1.645301e+02 7.098698e+06
-3.483257e+02 4.084167e+02 1.637374e+02 7.064498e+06
-3.473218e+02 4.083834e+02 1.637241e+02 7.063923e+06
-3.463276e+02 4.072837e+02 1.632832e+02 7.044901e+06
-3.453401e+02 4.058695e+02 1.627163e+02 7.020440e+06
-3.443586e+02 4.065444e+02 1.629868e+02 7.032113e+06
-3.433904e+02 4.059791e+02 1.627602e+02 7.022334e+06
-3.424421e+02 4.037913e+02 1.618831e+02 6.984492e+06
-3.415101e+02 4.040204e+02 1.619750e+02 6.988456e+06
-3.405969e+02 4.025016e+02 1.613661e+02 6.962184e+06
-3.397069e+02 4.023618e+02 1.613100e+02 6.959765e+06
-3.388385e+02 4.048426e+02 1.623046e+02 7.002677e+06
-3.379855e+02 4.060133e+02 1.627739e+02 7.022927e+06
-3.371526e+02 4.042683e+02 1.620743e+02 6.992743e+06
-3.363322e+02 4.026516e+02 1.614262e+02 6.964779e+06
-3.355249e+02 4.010006e+02 1.607643e+02 6.936220e+06
-3.347444e+02 3.998616e+02 1.603077e+02 6.916519e+06
-3.339816e+02 3.973260e+02 1.592911e+02 6.872660e+06
-3.332393e+02 3.966029e+02 1.590012e+02 6.860151e+06
-3.325146e+02 3.973611e+02 1.593052e+02 6.873268e+06
-3.318091e+02 3.952107e+02 1.584431e+02 6.836071e+06
-3.311359e+02 3.927472e+02 1.574554e+02 6.793459e+06
-3.304907e+02 3.918060e+02 1.570781e+02 6.777179e+06
-3.298666e+02 3.895900e+02 1.561897e+02 6.738847e+06
-3.292576e+02 3.913327e+02 1.568883e+02 6.768992e+06
-3.286582e+02 3.931762e+02 1.576274e+02 6.800880e+06
-3.280715e+02 3.922778e+02 1.572672e+02 6.785339e+06
-3.275016e+02 3.907585e+02 1.566581e+02 6.759059e+06
-3.269443e+02 3.895633e+02 1.561790e+02 6.738386e+06
-3.263970e+02 3.911240e+02 1.568047e+02 6.765382e+06
-3.258662e+02 3.908423e+02 1.566917e+02 6.760509e+06
-3.253539e+02 3.902958e+02 1.564727e+02 6.751057e+06
-3.248518e+02 3.879171e+02 1.555190e+02 6.709912e+06
-3.243651e+02 3.878902e+02 1.555082e+02 6.709447e+06
-3.239040e+02 3.864326e+02 1.549239e+02 6.684233e+06
-3.234614e+02 3.862777e+02 1.548618e+02 6.681555e+06
-3.230359e+02 3.842191e+02 1.540364e+02 6.645945e+06
-3.226236e+02 3.869246e+02 1.551211e+02 6.692744e+06
-3.222227e+02 3.868866e+02 1.551059e+02 6.692086e+06
-3.218365e+02 3.877614e+02 1.554566e+02 6.707218e+06
-3.214641e+02 3.912560e+02 1.568576e+02 6.767666e+06
-3.211071e+02 3.859535e+02 1.547318e+02 6.675947e+06
-3.207694e+02 3.851765e+02 1.544203e+02 6.662507e+06
-3.204466e+02 3.848245e+02 1.542792e+02 6.656418e+06
-3.201315e+02 3.833223e+02 1.536769e+02 6.630434e+06
-3.198276e+02 3.849448e+02 1.543274e+02 6.658499e+06
-3.195316e+02 3.827316e+02 1.534401e+02 6.620216e+06
-3.192477e+02 3.825007e+02 1.533475e+02 6.616222e+06
-3.189825e+02 3.788327e+02 1.518770e+02 6.552777e+06
-3.187350e+02 3.806663e+02 1.526121e+02 6.584492e+06
-3.185054e+02 3.807626e+02 1.526507e+02 6.586157e+06
-3.182934e+02 3.803907e+02 1.525016e+02 6.579725e+06
-3.180928e+02 3.799666e+02 1.523316e+02 6.572389e+06
-3.179057e+02 3.830018e+02 1.535484e+02 6.624890e+06
-3.177365e+02 3.832739e+02 1.536575e+02 6.629597e+06
-3.175810e+02 3.816629e+02 1.530116e+02 6.601731e+06
-3.174367e+02 3.819951e+02 1.531448e+02 6.607476e+06
-3.172992e+02 3.823672e+02 1.532940e+02 6.613913e+06
-3.171715e+02 3.850522e+02 1.543705e+02 6.660357e+06
-3.170523e+02 3.836477e+02 1.538074e+02 6.636063e+06
-3.169303e+02 3.827633e+02 1.534528e+02 6.620764e+06
-3.168056e+02 3.819813e+02 1.531393e+02 6.607238e+06
-3.166804e+02 3.845110e+02 1.541535e+02 6.650996e+06
-3.165601e+02 3.847387e+02 1.542448e+02 6.654934e+06
-3.164549e+02 3.863418e+02 1.548875e+02 6.682664e+06
-3.163639e+02 3.846981e+02 1.542285e+02 6.654231e+06
-3.162891e+02 3.855581e+02 1.545733e+02 6.669107e+06
-3.162302e+02 3.829926e+02 1.535447e+02 6.624731e+06
-3.161792e+02 3.829017e+02 1.535083e+02 6.623159e+06
-3.161414e+02 3.838542e+02 1.538902e+02 6.639634e+06
-3.161194e+02 3.836487e+02 1.538078e+02 6.636080e+06
-3.161058e+02 3.834539e+02 1.537297e+02 6.632709e+06
-3.160995e+02 3.856571e+02 1.546130e+02 6.670820e+06
-3.161079e+02 3.855841e+02 1.545837e+02 6.669558e+06
-3.161301e+02 3.891363e+02 1.560078e+02 6.731001e+06
-3.161588e+02 3.908941e+02 1.567125e+02 6.761405e+06
-3.161947e+02 3.908156e+02 1.566810e+02 6.760047e+06
-3.162361e+02 3.915318e+02 1.569682e+02 6.772436e+06
-3.162828e+02 3.934857e+02 1.577515e+02 6.806232e+06
-3.163455e+02 3.926395e+02 1.574123e+02 6.791596e+06
-3.164171e+02 3.930564e+02 1.575794e+02 6.798808e+06
-3.164865e+02 3.952268e+02 1.584495e+02 6.836349e+06
-3.165639e+02 3.944566e+02 1.581407e+02 6.823026e+06
-3.166494e+02 3.951125e+02 1.584037e+02 6.834372e+06
-3.167358e+02 3.977452e+02 1.594592e+02 6.879911e+06
-3.168212e+02 4.006962e+02 1.606423e+02 6.930956e+06
-3.169110e+02 3.997570e+02 1.602657e+02 6.914709e+06
-3.170086e+02 4.016725e+02 1.610336e+02 6.947842e+06
-3.171086e+02 3.995357e+02 1.601770e+02 6.910882e+06
-3.172107e+02 3.992302e+02 1.600545e+02 6.905597e+06
-3.173139e+02 4.013015e+02 1.608849e+02 6.941426e+06
-3.174171e+02 4.034065e+02 1.617288e+02 6.977836e+06
-3.175292e+02 4.030698e+02 1.615939e+02 6.972012e+06
-3.176518e+02 4.051172e+02 1.624147e+02 7.007426e+06
-3.177816e+02 4.034473e+02 1.617452e+02 6.978541e+06
-3.179172e+02 4.007492e+02 1.606635e+02 6.931871e+06
-3.180588e+02 4.037375e+02 1.618615e+02 6.983562e+06
-3.182108e+02 4.063128e+02 1.628940e+02 7.028108e+06
-3.183664e+02 4.058524e+02 1.627094e+02 7.020143e+06
-3.185216e+02 4.069168e+02 1.631361e+02 7.038555e+06
-3.186802e+02 4.051096e+02 1.624116e+02 7.007294e+06
-3.188343e+02 4.045695e+02 1.621951e+02 6.997953e+06
-3.189802e+02 4.049918e+02 1.623644e+02 7.005258e+06
-3.191199e+02 4.061714e+02 1.628373e+02 7.025661e+06
-3.192593e+02 4.061403e+02 1.628248e+02 7.025124e+06
-3.194037e+02 4.057656e+02 1.626746e+02 7.018642e+06
-3.195459e+02 4.074591e+02 1.633536e+02 7.047935e+06
-3.196885e+02 4.099073e+02 1.643351e+02 7.090283e+06
-3.198402e+02 4.111219e+02 1.648220e+02 7.111291e+06
-3.199977e+02 4.083928e+02 1.637279e+02 7.064086e+06
-3.201549e+02 4.097242e+02 1.642616e+02 7.087115e+06
-3.203057e+02 4.097272e+02 1.642629e+02 7.087167e+06
-3.204482e+02 4.068065e+02 1.630919e+02 7.036647e+06
-3.205895e+02 4.061051e+02 1.628107e+02 7.024514e+06
-3.207340e+02 4.050260e+02 1.623781e+02 7.005849e+06
-3.208870e+02 4.079473e+02 1.635493e+02 7.056379e+06
-3.210424e+02 4.082036e+02 1.636520e+02 7.060813e+06
-3.211900e+02 4.103183e+02 1.644998e+02 7.097391e+06
-3.213275e+02 4.086482e+02 1.638303e+02 7.068502e+06
-3.214562e+02 4.091472e+02 1.640303e+02 7.077134e+06
-3.215780e+02 4.105922e+02 1.646096e+02 7.102129e+06
-3.216955e+02 4.091473e+02 1.640304e+02 7.077137e+06
-3.218188e+02 4.082990e+02 1.636903e+02 7.062462e+06
-3.219434e+02 4.110553e+02 1.647953e+02 7.110140e+06
-3.220656e+02 4.092956e+02 1.640898e+02 7.079702e+06
-3.221874e+02 4.098274e+02 1.643030e+02 7.088900e+06
-3.223049e+02 4.130913e+02 1.656115e+02 7.145357e+06
-3.224226e+02 4.151260e+02 1.664273e+02 7.180551e+06
-3.225412e+02 4.178239e+02 1.675089e+02 7.227219e+06
-3.226490e+02 4.186829e+02 1.678533e+02 7.242077e+06
-3.227446e+02 4.201404e+02 1.684376e+02 7.267288e+06
-3.228378e+02 4.203758e+02 1.685319e+02 7.271358e+06
-3.229356e+02 4.172192e+02 1.672665e+02 7.216758e+06
-3.230409e+02 4.153813e+02 1.665296e+02 7.184968e+06
-3.231526e+02 4.158436e+02 1.667150e+02 7.192964e+06
-3.232697e+02 4.180603e+02 1.676037e+02 7.231307e+06
-3.233921e+02 4.159809e+02 1.667700e+02 7.195339e+06
-3.235168e+02 4.135620e+02 1.658002e+02 7.153498e+06
-3.236384e+02 4.156816e+02 1.666500e+02 7.190163e+06
-3.237600e+02 4.138874e+02 1.659307e+02 7.159127e+06
-3.238809e+02 4.122995e+02 1.652941e+02 7.131660e+06
-3.239966e+02 4.171748e+02 1.672486e+02 7.215990e+06
-3.241109e+02 4.162537e+02 1.668794e+02 7.200058e+06
-3.242185e+02 4.147704e+02 1.662847e+02 7.174401e+06
-3.243170e+02 4.139644e+02 1.659616e+02 7.160459e+06
-3.244115e+02 4.144005e+02 1.661364e+02 7.168003e+06
-3.245045e+02 4.160484e+02 1.667971e+02 7.196507e+06
-3.245921e+02 4.189614e+02 1.679649e+02 7.246893e+06
-3.246762e+02 4.180859e+02 1.676139e+02 7.231750e+06
-3.247610e+02 4.198960e+02 1.683396e+02 7.263060e+06
-3.248447e+02 4.188643e+02 1.679260e+02 7.245214e+06
-3.249291e+02 4.195429e+02 1.681980e+02 7.256952e+06
-3.250124e+02 4.203717e+02 1.685303e+02 7.271288e+06
-3.250962e+02 4.219897e+02 1.691790e+02 7.299275e+06
-3.251794e+02 4.205979e+02 1.686210e+02 7.275200e+06
-3.252595e+02 4.223680e+02 1.693306e+02 7.305818e+06
-3.253333e+02 4.229902e+02 1.695801e+02 7.316581e+06
-3.253942e+02 4.252186e+02 1.704735e+02 7.355126e+06
-3.254446e+02 4.275391e+02 1.714038e+02 7.395264e+06
-3.254876e+02 4.250802e+02 1.704180e+02 7.352732e+06
-3.255282e+02 4.267147e+02 1.710733e+02 7.381005e+06
-3.255698e+02 4.277616e+02 1.714930e+02 7.399114e+06
-3.256098e+02 4.267354e+02 1.710816e+02 7.381362e+06
-3.256460e+02 4.252888e+02 1.705016e+02 7.356341e+06
-3.256799e+02 4.275943e+02 1.714259e+02 7.396219e+06
-3.257144e+02 4.267727e+02 1.710965e+02 7.382008e+06
-3.257481e+02 4.244102e+02 1.701494e+02 7.341142e+06
-3.257775e+02 4.236776e+02 1.698557e+02 7.328471e+06
-3.257974e+02 4.256859e+02 1.706608e+02 7.363209e+06
-3.258055e+02 4.289292e+02 1.719611e+02 7.419310e+06
-3.258075e+02 4.296261e+02 1.722405e+02 7.431364e+06
-3.258103e+02 4.297813e+02 1.723027e+02 7.434049e+06
-3.258143e+02 4.310952e+02 1.728295e+02 7.456775e+06
-3.258169e+02 4.300271e+02 1.724012e+02 7.438300e+06
-3.258173e+02 4.282930e+02 1.717060e+02 7.408304e+06
-3.258139e+02 4.273199e+02 1.713159e+02 7.391473e+06
-3.258012e+02 4.296510e+02 1.722505e+02 7.431794e+06
-3.257809e+02 4.324261e+02 1.733630e+02 7.479797e+06
-3.257576e+02 4.312001e+02 1.728715e+02 7.458589e+06
-3.257313e+02 4.325712e+02 1.734212e+02 7.482306e+06
-3.257052e+02 4.357360e+02 1.746900e+02 7.537048e+06
-3.256803e+02 4.374121e+02 1.753620e+02 7.566041e+06
-3.256537e+02 4.375193e+02 1.754049e+02 7.567894e+06
-3.256239e+02 4.409264e+02 1.767709e+02 7.626829e+06
-3.255941e+02 4.401291e+02 1.764512e+02 7.613038e+06
-3.255675e+02 4.412377e+02 1.768957e+02 7.632213e+06
-3.255399e+02 4.419643e+02 1.771870e+02 7.644781e+06
-3.255100e+02 4.455252e+02 1.786146e+02 7.706376e+06
-3.254751e+02 4.472137e+02 1.792915e+02 7.735581e+06
-3.254344e+02 4.460143e+02 1.788106e+02 7.714835e+06
-3.253895e+02 4.437474e+02 1.779018e+02 7.675623e+06
-3.253427e+02 4.421508e+02 1.772617e+02 7.648008e+06
-3.252974e+02 4.437943e+02 1.779206e+02 7.676434e+06
-3.252508e+02 4.403745e+02 1.765496e+02 7.617282e+06
-3.251985e+02 4.407112e+02 1.766846e+02 7.623105e+06
-3.251443e+02 4.387382e+02 1.758936e+02 7.588978e+06
-3.250869e+02 4.360961e+02 1.748343e+02 7.543277e+06
-3.250226e+02 4.337825e+02 1.739068e+02 7.503257e+06
-3.249549e+02 4.363733e+02 1.749455e+02 7.548072e+06
-3.248854e+02 4.370312e+02 1.752092e+02 7.559452e+06
-3.248161e+02 4.371530e+02 1.752581e+02 7.561558e+06
-3.247451e+02 4.406657e+02 1.766663e+02 7.622318e+06
-3.246763e+02 4.398692e+02 1.763470e+02 7.608542e+06
-3.246098e+02 4.415321e+02 1.770137e+02 7.637305e+06
-3.245429e+02 4.419776e+02 1.771923e+02 7.645011e+06
-3.244796e+02 4.392117e+02 1.760834e+02 7.597169e+06
-3.244177e+02 4.397696e+02 1.763071e+02 7.606819e+06
-3.243549e+02 4.411926e+02 1.768776e+02 7.631433e+06
-3.242907e+02 4.408446e+02 1.767380e+02 7.625413e+06
-3.242280e+02 4.396278e+02 1.762503e+02 7.604367e+06
-3.241706e+02 4.399594e+02 1.763832e+02 7.610103e+06
-3.241178e+02 4.395600e+02 1.762231e+02 7.603193e+06
-3.240653e+02 4.425353e+02 1.774159e+02 7.654659e+06
-3.240070e+02 4.429133e+02 1.775674e+02 7.661196e+06
-3.239413e+02 4.400185e+02 1.764069e+02 7.611125e+06
-3.238721e+02 4.422948e+02 1.773195e+02 7.650498e+06
-3.238086e+02 4.434743e+02 1.777923e+02 7.670899e+06
-3.237557e+02 4.446553e+02 1.782658e+02 7.691329e+06
-3.237076e+02 4.451359e+02 1.784585e+02 7.699642e+06
-3.236600e+02 4.435831e+02 1.778359e+02 7.672782e+06
-3.236109e+02 4.422662e+02 1.773080e+02 7.650004e+06
-3.235597e+02 4.414199e+02 1.769687e+02 7.635364e+06
-3.235076e+02 4.423937e+02 1.773591e+02 7.652208e+06
-3.234567e+02 4.428980e+02 1.775613e+02 7.660931e+06
-3.234050e+02 4.429110e+02 1.775665e+02 7.661156e+06
-3.233495e+02 4.428514e+02 1.775426e+02 7.660126e+06
-3.232928e+02 4.436992e+02 1.778825e+02 7.674790e+06
-3.232357e+02 4.433877e+02 1.777576e+02 7.669402e+06
-3.231824e+02 4.433500e+02 1.777425e+02 7.668750e+06
-3.231252e+02 4.454840e+02 1.785980e+02 7.705662e+06
-3.230609e+02 4.445973e+02 1.782426e+02 7.690325e+06
-3.230025e+02 4.458345e+02 1.787386e+02 7.711726e+06
-3.229518e+02 4.449489e+02 1.783835e+02 7.696406e+06
-3.229007e+02 4.452436e+02 1.785016e+02 7.701503e+06
-3.228504e+02 4.455229e+02 1.786136e+02 7.706336e+06
-3.228053e+02 4.455560e+02 1.786269e+02 7.706907e+06
-3.227637e+02 4.459010e+02 1.787652e+02 7.712876e+06
-3.227263e+02 4.455841e+02 1.786382e+02 7.707394e+06
-3.226893e+02 4.437023e+02 1.778837e+02 7.674843e+06
-3.226581e+02 4.411052e+02 1.768425e+02 7.629921e+06
-3.226339e+02 4.394032e+02 1.761602e+02 7.600481e+06
-3.226121e+02 4.416167e+02 1.770476e+02 7.638768e+06
-3.225939e+02 4.402121e+02 1.764845e+02 7.614473e+06
-3.225749e+02 4.408670e+02 1.767471e+02 7.625802e+06
-3.225500e+02 4.414526e+02 1.769818e+02 7.635931e+06
-3.225302e+02 4.425525e+02 1.774228e+02 7.654956e+06
-3.225187e+02 4.413591e+02 1.769443e+02 7.634313e+06
-3.225113e+02 4.388262e+02 1.759289e+02 7.590500e+06
-3.225046e+02 4.390303e+02 1.760107e+02 7.594031e+06
-3.224989e+02 4.417032e+02 1.770823e+02 7.640265e+06
-3.224999e+02 4.435744e+02 1.778324e+02 7.672631e+06
-3.225031e+02 4.433799e+02 1.777545e+02 7.669267e+06
-3.225049e+02 4.412779e+02 1.769118e+02 7.632908e+06
-3.225111e+02 4.392269e+02 1.760895e+02 7.597431e+06
-3.225216e+02 4.390292e+02 1.760102e+02 7.594012e+06
-3.225297e+02 4.381741e+02 1.756674e+02 7.579220e+06
-3.225392e+02 4.409177e+02 1.767673e+02 7.626677e+06
-3.225521e+02 4.416236e+02 1.770504e+02 7.638889e+06
-3.225682e+02 4.447270e+02 1.782945e+02 7.692567e+06
-3.225867e+02 4.457955e+02 1.787229e+02 7.711050e+06
-3.226065e+02 4.461479e+02 1.788642e+02 7.717146e+06
-3.226298e+02 4.456537e+02 1.786661e+02 7.708597e+06
-3.226559e+02 4.441303e+02 1.780553e+02 7.682247e+06
-3.226803e+02 4.427037e+02 1.774834e+02 7.657571e+06
-3.226997e+02 4.416749e+02 1.770709e+02 7.639776e+06
-3.227169e+02 4.422231e+02 1.772907e+02 7.649257e+06
-3.227363e+02 4.401086e+02 1.764430e+02 7.612683e+06
-3.227570e+02 4.359843e+02 1.747895e+02 7.541344e+06
-3.227746e+02 4.348511e+02 1.743352e+02 7.521742e+06
-3.227879e+02 4.377347e+02 1.754913e+02 7.571620e+06
-3.227977e+02 4.380412e+02 1.756142e+02 7.576922e+06
-3.228068e+02 4.401041e+02 1.764412e+02 7.612605e+06
-3.228150e+02 4.402682e+02 1.765070e+02 7.615443e+06
-3.228246e+02 4.417854e+02 1.771153e+02 7.641687e+06
-3.228377e+02 4.413247e+02 1.769305e+02 7.633717e+06
-3.228532e+02 4.411309e+02 1.768528e+02 7.630366e+06
-3.228669e+02 4.408869e+02 1.767550e+02 7.626145e+06
-3.228763e+02 4.417458e+02 1.770994e+02 7.641001e+06
-3.228881e+02 4.422068e+02 1.772842e+02 7.648976e+06
-3.229070e+02 4.379145e+02 1.755634e+02 7.574731e+06
-3.229257e+02 4.369530e+02 1.751779e+02 7.558100e+06
-3.229378e+02 4.365745e+02 1.750261e+02 7.551552e+06
-3.229473e+02 4.332791e+02 1.737050e+02 7.494552e+06
-3.229539e+02 4.311650e+02 1.728574e+02 7.457982e+06
-3.229558e+02 4.296871e+02 1.722649e+02 7.432420e+06
-3.229585e+02 4.320084e+02 1.731956e+02 7.472572e+06
-3.229665e+02 4.339039e+02 1.739555e+02 7.505358e+06
-3.229743e+02 4.321886e+02 1.732678e+02 7.475688e+06
-3.229789e+02 4.330460e+02 1.736115e+02 7.490518e+06
-3.229845e+02 4.332193e+02 1.736810e+02 7.493516e+06
-3.229914e+02 4.303476e+02 1.725297e+02 7.443843e+06
-3.229975e+02 4.310024e+02 1.727922e+02 7.455170e+06
-3.230019e+02 4.324203e+02 1.733607e+02 7.479697e+06
-3.230040e+02 4.324311e+02 1.733650e+02 7.479883e+06
-3.230039e+02 4.327025e+02 1.734738e+02 7.484577e+06
-3.229983e+02 4.335191e+02 1.738012e+02 7.498703e+06
-3.229913e+02 4.313755e+02 1.729418e+02 7.461624e+06
-3.229848e+02 4.325115e+02 1.733973e+02 7.481274e+06
-3.229778e+02 4.344727e+02 1.741835e+02 7.515197e+06
-3.229736e+02 4.355861e+02 1.746299e+02 7.534455e+06
-3.229722e+02 4.353876e+02 1.745503e+02 7.531021e+06
-3.229743e+02 4.338542e+02 1.739356e+02 7.504499e+06
-3.229789e+02 4.348697e+02 1.743427e+02 7.522065e+06
-3.229836e+02 4.349012e+02 1.743553e+02 7.522608e+06
-3.229852e+02 4.326762e+02 1.734633e+02 7.484122e+06
-3.229859e+02 4.303437e+02 1.725282e+02 7.443776e+06
-3.229884e+02 4.265056e+02 1.709894e+02 7.377388e+06
-3.229908e+02 4.277980e+02 1.715076e+02 7.399742e+06
-3.229910e+02 4.271973e+02 1.712668e+02 7.389353e+06
-3.229874e+02 4.278048e+02 1.715103e+02 7.399860e+06
-3.229868e+02 4.295458e+02 1.722083e+02 7.429975e+06
-3.229913e+02 4.311668e+02 1.728581e+02 7.458013e+06
-3.229934e+02 4.266878e+02 1.710625e+02 7.380538e+06
-3.229882e+02 4.282345e+02 1.716826e+02 7.407292e+06
-3.229775e+02 4.260956e+02 1.708251e+02 7.370296e+06
-3.229656e+02 4.263200e+02 1.709150e+02 7.374177e+06
-3.229508e+02 4.276106e+02 1.714324e+02 7.396501e+06
-3.229321e+02 4.288551e+02 1.719314e+02 7.418027e+06
-3.229116e+02 4.302930e+02 1.725078e+02 7.442899e+06
-3.228912e+02 4.302318e+02 1.724833e+02 7.441840e+06
-3.228734e+02 4.312682e+02 1.728988e+02 7.459767e+06
-3.228565e+02 4.313490e+02 1.729312e+02 7.461166e+06
-3.228391e+02 4.300211e+02 1.723988e+02 7.438197e+06
-3.228211e+02 4.334199e+02 1.737615e+02 7.496987e+06
-3.227999e+02 4.320961e+02 1.732307e+02 7.474089e+06
-3.227767e+02 4.329252e+02 1.735631e+02 7.488430e+06
-3.227523e+02 4.322615e+02 1.732970e+02 7.476950e+06
-3.227275e+02 4.297736e+02 1.722996e+02 7.433915e+06
-3.227034e+02 4.298888e+02 1.723458e+02 7.435908e+06
-3.226758e+02 4.310679e+02 1.728185e+02 7.456303e+06
-3.226430e+02 4.300180e+02 1.723976e+02 7.438143e+06
-3.226064e+02 4.299737e+02 1.723798e+02 7.437376e+06
-3.225676e+02 4.312819e+02 1.729043e+02 7.460005e+06
-3.225240e+02 4.277819e+02 1.715011e+02 7.399464e+06
-3.224734e+02 4.293046e+02 1.721116e+02 7.425802e+06
-3.224155e+02 4.298703e+02 1.723384e+02 7.435587e+06
-3.223483e+02 4.294062e+02 1.721523e+02 7.427560e+06
-3.222757e+02 4.303107e+02 1.725149e+02 7.443206e+06
-3.222001e+02 4.307219e+02 1.726798e+02 7.450319e+06
-3.221232e+02 4.310613e+02 1.728158e+02 7.456188e+06
-3.220432e+02 4.305878e+02 1.726260e+02 7.447998e+06
-3.219568e+02 4.336953e+02 1.738719e+02 7.501750e+06
-3.218665e+02 4.335766e+02 1.738243e+02 7.499697e+06
-3.217704e+02 4.348669e+02 1.743416e+02 7.522016e+06
-3.216694e+02 4.329572e+02 1.735760e+02 7.488983e+06
-3.215652e+02 4.333631e+02 1.737387e+02 7.496003e+06
-3.214552e+02 4.311300e+02 1.728434e+02 7.457377e+06
-3.213364e+02 4.315479e+02 1.730109e+02 7.464606e+06
-3.212112e+02 4.332129e+02 1.736784e+02 7.493405e+06
-3.210809e+02 4.307179e+02 1.726782e+02 7.450248e+06
-3.209439e+02 4.312352e+02 1.728856e+02 7.459196e+06
-3.208021e+02 4.323671e+02 1.733394e+02 7.478776e+06
-3.206547e+02 4.304523e+02 1.725717e+02 7.445654e+06
-3.205014e+02 4.334136e+02 1.737589e+02 7.496877e+06
-3.203459e+02 4.347033e+02 1.742760e+02 7.519186e+06
-3.201868e+02 4.340913e+02 1.740306e+02 7.508599e+06
-3.200201e+02 4.379234e+02 1.755669e+02 7.574885e+06
-3.198472e+02 4.377904e+02 1.755136e+02 7.572583e+06
-3.196732e+02 4.369208e+02 1.751650e+02 7.557542e+06
-3.195000e+02 4.339251e+02 1.739640e+02 7.505724e+06
-3.193280e+02 4.359301e+02 1.747678e+02 7.540406e+06
-3.191530e+02 4.369231e+02 1.751659e+02 7.557582e+06
-3.189728e+02 4.344872e+02 1.741893e+02 7.515448e+06
-3.187913e+02 4.323832e+02 1.733458e+02 7.479054e+06
-3.186061e+02 4.286583e+02 1.718525e+02 7.414623e+06
-3.184157e+02 4.263073e+02 1.709099e+02 7.373957e+06
-3.182206e+02 4.246199e+02 1.702334e+02 7.344770e+06
-3.180214e+02 4.237896e+02 1.699006e+02 7.330407e+06
-3.178162e+02 4.238004e+02 1.699049e+02 7.330595e+06
-3.176043e+02 4.254339e+02 1.705598e+02 7.358850e+06
-3.173880e+02 4.252009e+02 1.704664e+02 7.354820e+06
-3.171678e+02 4.270539e+02 1.712093e+02 7.386872e+06
-3.169425e+02 4.286821e+02 1.718620e+02 7.415036e+06
-3.167136e+02 4.272237e+02 1.712774e+02 7.389810e+06
-3.164831e+02 4.231194e+02 1.696319e+02 7.318816e+06
-3.162492e+02 4.241702e+02 1.700532e+02 7.336992e+06
-3.160147e+02 4.213613e+02 1.689270e+02 7.288405e+06
-3.157811e+02 4.194021e+02 1.681416e+02 7.254516e+06
-3.155444e+02 4.192859e+02 1.680950e+02 7.252506e+06
-3.153051e+02 4.218818e+02 1.691357e+02 7.297409e+06
-3.150648e+02 4.182552e+02 1.676818e+02 7.234679e+06
-3.148240e+02 4.191518e+02 1.680413e+02 7.250187e+06
-3.145824e+02 4.201194e+02 1.684292e+02 7.266924e+06
-3.143351e+02 4.224487e+02 1.693630e+02 7.307214e+06
-3.140820e+02 4.189142e+02 1.679460e+02 7.246076e+06
-3.138252e+02 4.192445e+02 1.680784e+02 7.251791e+06
-3.135649e+02 4.210844e+02 1.688160e+02 7.283616e+06
-3.133001e+02 4.218655e+02 1.691292e+02 7.297126e+06
-3.130297e+02 4.227825e+02 1.694968e+02 7.312989e+06
-3.127565e+02 4.204059e+02 1.685440e+02 7.271879e+06
-3.124820e+02 4.218700e+02 1.691310e+02 7.297205e+06
-3.122052e+02 4.235857e+02 1.698188e+02 7.326881e+06
-3.119260e+02 4.231993e+02 1.696639e+02 7.320197e+06
-3.116459e+02 4.227666e+02 1.694904e+02 7.312712e+06
-3.113635e+02 4.213707e+02 1.689308e+02 7.288568e+06
-3.110769e+02 4.220667e+02 1.692099e+02 7.300608e+06
-3.107890e+02 4.230876e+02 1.696191e+02 7.318266e+06
-3.105031e+02 4.227156e+02 1.694700e+02 7.311831e+06
-3.102183e+02 4.199500e+02 1.683613e+02 7.263994e+06
-3.099313e+02 4.197317e+02 1.682737e+02 7.260218e+06
-3.096372e+02 4.188180e+02 1.679074e+02 7.244413e+06
-3.093338e+02 4.167858e+02 1.670927e+02 7.209262e+06
-3.090253e+02 4.194900e+02 1.681768e+02 7.256036e+06
-3.087120e+02 4.213910e+02 1.689389e+02 7.288918e+06
-3.083942e+02 4.223637e+02 1.693289e+02 7.305744e+06
-3.080744e+02 4.212723e+02 1.688914e+02 7.286866e+06
-3.077515e+02 4.210162e+02 1.687887e+02 7.282436e+06
-3.074260e+02 4.225771e+02 1.694145e+02 7.309435e+06
-3.070965e+02 4.243775e+02 1.701363e+02 7.340578e+06
-3.067658e+02 4.221325e+02 1.692362e+02 7.301745e+06
-3.064327e+02 4.229418e+02 1.695607e+02 7.315744e+06
-3.060934e+02 4.264976e+02 1.709862e+02 7.377249e+06
-3.057489e+02 4.282838e+02 1.717023e+02 7.408145e+06
-3.054024e+02 4.288312e+02 1.719218e+02 7.417615e+06
-3.050586e+02 4.287600e+02 1.718932e+02 7.416382e+06
-3.047156e+02 4.300785e+02 1.724219e+02 7.439190e+06
-3.043712e+02 4.287699e+02 1.718972e+02 7.416553e+06
-3.040275e+02 4.286890e+02 1.718648e+02 7.415155e+06
-3.036833e+02 4.325536e+02 1.734141e+02 7.482001e+06
-3.033363e+02 4.317074e+02 1.730749e+02 7.467364e+06
-3.029883e+02 4.311040e+02 1.728330e+02 7.456928e+06
-3.026416e+02 4.300169e+02 1.723971e+02 7.438123e+06
-3.022964e+02 4.290537e+02 1.720110e+02 7.421463e+06
-3.019514e+02 4.280322e+02 1.716015e+02 7.403793e+06
-3.016101e+02 4.303651e+02 1.725367e+02 7.444146e+06
-3.012719e+02 4.311976e+02 1.728705e+02 7.458547e+06
-3.009309e+02 4.319251e+02 1.731622e+02 7.471130e+06
-3.005870e+02 4.331762e+02 1.736637e+02 7.492771e+06
-3.002462e+02 4.343590e+02 1.741379e+02 7.513229e+06
-2.999112e+02 4.346974e+02 1.742736e+02 7.519084e+06
-2.995792e+02 4.331918e+02 1.736700e+02 7.493040e+06
-2.992514e+02 4.333412e+02 1.737299e+02 7.495624e+06
-2.989251e+02 4.331949e+02 1.736712e+02 7.493094e+06
-2.986002e+02 4.327850e+02 1.735069e+02 7.486004e+06
-2.982768e+02 4.359953e+02 1.747939e+02 7.541533e+06
-2.979538e+02 4.365115e+02 1.750009e+02 7.550463e+06
-2.976356e+02 4.366810e+02 1.750688e+02 7.553394e+06
-2.973180e+02 4.366542e+02 1.750581e+02 7.552930e+06
-2.970017e+02 4.354112e+02 1.745598e+02 7.531430e+06
-2.966913e+02 4.354945e+02 1.745932e+02 7.532871e+06
-2.963821e+02 4.346884e+02 1.742700e+02 7.518928e+06
-2.960743e+02 4.368458e+02 1.751349e+02 7.556246e+06
-2.957730e+02 4.347817e+02 1.743074e+02 7.520542e+06
-2.954799e+02 4.358730e+02 1.747449e+02 7.539418e+06
-2.951924e+02 4.332281e+02 1.736846e+02 7.493669e+06
-2.949102e+02 4.314498e+02 1.729716e+02 7.462909e+06
-2.946292e+02 4.323628e+02 1.733376e+02 7.478702e+06
-2.943498e+02 4.326819e+02 1.734656e+02 7.484220e+06
-2.940781e+02 4.321225e+02 1.732413e+02 7.474544e+06
-2.938080e+02 4.346869e+02 1.742694e+02 7.518902e+06
-2.935387e+02 4.341602e+02 1.740582e+02 7.509791e+06
-2.932700e+02 4.322013e+02 1.732729e+02 7.475908e+06
-2.930003e+02 4.347056e+02 1.742769e+02 7.519225e+06
-2.927319e+02 4.328253e+02 1.735231e+02 7.486702e+06
-2.924657e+02 4.289195e+02 1.719572e+02 7.419142e+06
-2.921999e+02 4.280087e+02 1.715920e+02 7.403387e+06
-2.919345e+02 4.288371e+02 1.719242e+02 7.417717e+06
-2.916724e+02 4.285749e+02 1.718190e+02 7.413180e+06
-2.914157e+02 4.272317e+02 1.712806e+02 7.389948e+06
-2.911666e+02 4.288624e+02 1.719343e+02 7.418154e+06
-2.909249e+02 4.290121e+02 1.719943e+02 7.420743e+06
-2.906885e+02 4.294894e+02 1.721857e+02 7.428999e+06
-2.904520e+02 4.304366e+02 1.725654e+02 7.445382e+06
-2.902133e+02 4.279800e+02 1.715805e+02 7.402891e+06
-2.899740e+02 4.248731e+02 1.703350e+02 7.349149e+06
-2.897295e+02 4.246358e+02 1.702398e+02 7.345045e+06
-2.894796e+02 4.263992e+02 1.709468e+02 7.375546e+06
-2.892345e+02 4.227618e+02 1.694885e+02 7.312630e+06
-2.889939e+02 4.243900e+02 1.701413e+02 7.340793e+06
-2.887544e+02 4.235908e+02 1.698209e+02 7.326969e+06
-2.885148e+02 4.232962e+02 1.697028e+02 7.321874e+06
-2.882744e+02 4.230395e+02 1.695999e+02 7.317434e+06
-2.880356e+02 4.226575e+02 1.694467e+02 7.310826e+06
-2.877968e+02 4.210221e+02 1.687911e+02 7.282538e+06
-2.875588e+02 4.239973e+02 1.699838e+02 7.334001e+06
-2.873196e+02 4.246217e+02 1.702342e+02 7.344802e+06
-2.870826e+02 4.257081e+02 1.706697e+02 7.363594e+06
-2.868472e+02 4.266502e+02 1.710474e+02 7.379889e+06
-2.866094e+02 4.281693e+02 1.716564e+02 7.406166e+06
-2.863722e+02 4.284218e+02 1.717577e+02 7.410532e+06
-2.861377e+02 4.267867e+02 1.711022e+02 7.382251e+06
-2.859082e+02 4.268267e+02 1.711182e+02 7.382941e+06
-2.856820e+02 4.294146e+02 1.721557e+02 7.427706e+06
-2.854556e+02 4.281417e+02 1.716454e+02 7.405688e+06
-2.852276e+02 4.299697e+02 1.723782e+02 7.437307e+06
-2.850008e+02 4.292101e+02 1.720737e+02 7.424168e+06
-2.847815e+02 4.262926e+02 1.709040e+02 7.373703e+06
-2.845676e+02 4.264809e+02 1.709796e+02 7.376961e+06
-2.843564e+02 4.293580e+02 1.721330e+02 7.426726e+06
-2.841477e+02 4.292605e+02 1.720939e+02 7.425040e+06
-2.839390e+02 4.291887e+02 1.720651e+02 7.423797e+06
-2.837320e+02 4.296656e+02 1.722563e+02 7.432046e+06
-2.835291e+02 4.296483e+02 1.722494e+02 7.431749e+06
-2.833299e+02 4.282656e+02 1.716951e+02 7.407832e+06
-2.831402e+02 4.285231e+02 1.717983e+02 7.412286e+06
-2.829581e+02 4.297113e+02 1.722746e+02 7.432838e+06
-2.827795e+02 4.292373e+02 1.720846e+02 7.424639e+06
-2.826071e+02 4.318504e+02 1.731322e+02 7.469839e+06
-2.824367e+02 4.344744e+02 1.741842e+02 7.515226e+06
-2.822635e+02 4.361119e+02 1.748407e+02 7.543550e+06
-2.820887e+02 4.378374e+02 1.755325e+02 7.573397e+06
-2.819147e+02 4.384235e+02 1.757674e+02 7.583535e+06
-2.817424e+02 4.370640e+02 1.752224e+02 7.560019e+06
-2.815724e+02 4.368595e+02 1.751404e+02 7.556482e+06
-2.814063e+02 4.361785e+02 1.748674e+02 7.544702e+06
-2.812457e+02 4.358710e+02 1.747441e+02 7.539383e+06
-2.810904e+02 4.341231e+02 1.740434e+02 7.509150e+06
-2.809439e+02 4.310389e+02 1.728069e+02 7.455801e+06
-2.808070e+02 4.282538e+02 1.716903e+02 7.407627e+06
-2.806758e+02 4.266191e+02 1.710350e+02 7.379352e+06
-2.805449e+02 4.295157e+02 1.721962e+02 7.429453e+06
-2.804149e+02 4.264119e+02 1.709519e+02 7.375767e+06
-2.802887e+02 4.249132e+02 1.703510e+02 7.349844e+06
-2.801692e+02 4.261017e+02 1.708275e+02 7.370401e+06
-2.800532e+02 4.263296e+02 1.709189e+02 7.374343e+06
-2.799355e+02 4.270615e+02 1.712123e+02 7.387004e+06
-2.798165e+02 4.271040e+02 1.712293e+02 7.387738e+06
-2.796959e+02 4.258193e+02 1.707143e+02 7.365516e+06
-2.795752e+02 4.237147e+02 1.698706e+02 7.329113e+06
-2.794578e+02 4.240367e+02 1.699996e+02 7.334682e+06
-2.793451e+02 4.271222e+02 1.712366e+02 7.388053e+06
-2.792379e+02 4.273544e+02 1.713297e+02 7.392070e+06
-2.791346e+02 4.273290e+02 1.713196e+02 7.391631e+06
-2.790339e+02 4.294995e+02 1.721897e+02 7.429175e+06
-2.789386e+02 4.282110e+02 1.716732e+02 7.406886e+06
-2.788446e+02 4.272638e+02 1.712934e+02 7.390502e+06
-2.787540e+02 4.262201e+02 1.708750e+02 7.372449e+06
-2.786741e+02 4.249805e+02 1.703780e+02 7.351008e+06
-2.785977e+02 4.214221e+02 1.689514e+02 7.289457e+06
-2.785179e+02 4.217406e+02 1.690791e+02 7.294966e+06
-2.784373e+02 4.214798e+02 1.689746e+02 7.290456e+06
-2.783578e+02 4.212415e+02 1.688790e+02 7.286333e+06
-2.782791e+02 4.196477e+02 1.682401e+02 7.258765e+06
-2.782065e+02 4.177395e+02 1.674750e+02 7.225757e+06
-2.781409e+02 4.173266e+02 1.673095e+02 7.218615e+06
-2.780794e+02 4.152353e+02 1.664711e+02 7.182443e+06
-2.780216e+02 4.133547e+02 1.657172e+02 7.149913e+06
-2.779642e+02 4.137638e+02 1.658812e+02 7.156990e+06
-2.779079e+02 4.137799e+02 1.658876e+02 7.157268e+06
-2.778498e+02 4.143106e+02 1.661004e+02 7.166447e+06
-2.777878e+02 4.154762e+02 1.665677e+02 7.186608e+06
-2.777264e+02 4.157024e+02 1.666583e+02 7.190521e+06
-2.776701e+02 4.144902e+02 1.661724e+02 7.169554e+06
-2.776170e+02 4.145086e+02 1.661797e+02 7.169872e+06
-2.775611e+02 4.133557e+02 1.657175e+02 7.149930e+06
-2.775040e+02 4.108458e+02 1.647113e+02 7.106516e+06
-2.774515e+02 4.107184e+02 1.646602e+02 7.104313e+06
-2.774040e+02 4.109145e+02 1.647388e+02 7.107703e+06
-2.773599e+02 4.069647e+02 1.631553e+02 7.039383e+06
-2.773184e+02 4.064460e+02 1.629474e+02 7.030410e+06
-2.772798e+02 4.041524e+02 1.620279e+02 6.990738e+06
-2.772484e+02 4.036936e+02 1.618439e+02 6.982802e+06
-2.772225e+02 4.020770e+02 1.611958e+02 6.954839e+06
-2.771978e+02 4.008648e+02 1.607098e+02 6.933871e+06
-2.771737e+02 3.990826e+02 1.599954e+02 6.903044e+06
-2.771517e+02 3.965675e+02 1.589870e+02 6.859540e+06
-2.771303e+02 3.950667e+02 1.583853e+02 6.833580e+06
-2.771095e+02 3.962500e+02 1.588597e+02 6.854048e+06
-2.770906e+02 3.967396e+02 1.590560e+02 6.862516e+06
-2.770726e+02 3.962798e+02 1.588717e+02 6.854563e+06
-2.770546e+02 3.964003e+02 1.589200e+02 6.856647e+06
-2.770343e+02 3.979509e+02 1.595416e+02 6.883469e+06
-2.770110e+02 3.987198e+02 1.598499e+02 6.896769e+06
-2.769880e+02 3.992382e+02 1.600577e+02 6.905736e+06
-2.769635e+02 3.992414e+02 1.600590e+02 6.905791e+06
-2.769376e+02 4.016404e+02 1.610208e+02 6.947288e+06
-2.769115e+02 4.007444e+02 1.606616e+02 6.931790e+06
-2.768833e+02 4.023965e+02 1.613239e+02 6.960365e+06
-2.768545e+02 4.048726e+02 1.623166e+02 7.003196e+06
-2.768225e+02 4.070626e+02 1.631946e+02 7.041077e+06
-2.767845e+02 4.058442e+02 1.627061e+02 7.020001e+06
-2.767403e+02 4.059186e+02 1.627359e+02 7.021288e+06
-2.766913e+02 4.062184e+02 1.628561e+02 7.026474e+06
-2.766394e+02 4.053275e+02 1.624990e+02 7.011065e+06
-2.765873e+02 4.062159e+02 1.628551e+02 7.026430e+06
-2.765366e+02 4.077604e+02 1.634744e+02 7.053147e+06
-2.764837e+02 4.043625e+02 1.621121e+02 6.994372e+06
-2.764283e+02 4.043828e+02 1.621202e+02 6.994723e+06
-2.763732e+02 4.028321e+02 1.614985e+02 6.967900e+06
-2.763208e+02 4.049292e+02 1.623393e+02 7.004174e+06
-2.762693e+02 4.048579e+02 1.623107e+02 7.002941e+06
-2.762152e+02 4.044794e+02 1.621590e+02 6.996394e+06
-2.761584e+02 4.058099e+02 1.626924e+02 7.019409e+06
-2.760993e+02 4.072925e+02 1.632868e+02 7.045053e+06
-2.760381e+02 4.042565e+02 1.620696e+02 6.992538e+06
-2.759771e+02 4.063852e+02 1.629230e+02 7.029359e+06
-2.759150e+02 4.084898e+02 1.637668e+02 7.065763e+06
-2.758496e+02 4.075771e+02 1.634009e+02 7.049976e+06
-2.757786e+02 4.090992e+02 1.640111e+02 7.076305e+06
-2.757026e+02 4.088946e+02 1.639291e+02 7.072766e+06
-2.756258e+02 4.092390e+02 1.640671e+02 7.078722e+06
-2.755464e+02 4.109407e+02 1.647494e+02 7.108157e+06
-2.754617e+02 4.119201e+02 1.651420e+02 7.125099e+06
-2.753705e+02 4.127295e+02 1.654665e+02 7.139098e+06
-2.752709e+02 4.108396e+02 1.647088e+02 7.106409e+06
-2.751626e+02 4.122563e+02 1.652768e+02 7.130913e+06
-2.750452e+02 4.105957e+02 1.646110e+02 7.102189e+06
-2.749224e+02 4.090755e+02 1.640016e+02 7.075895e+06
-2.747980e+02 4.113789e+02 1.649250e+02 7.115737e+06
-2.746715e+02 4.124779e+02 1.653656e+02 7.134747e+06
-2.745412e+02 4.086260e+02 1.638214e+02 7.068118e+06
-2.744083e+02 4.106238e+02 1.646223e+02 7.102676e+06
-2.742735e+02 4.082169e+02 1.636574e+02 7.061044e+06
-2.741350e+02 4.065691e+02 1.629968e+02 7.032541e+06
-2.739925e+02 4.096635e+02 1.642373e+02 7.086065e+06
-2.738457e+02 4.102216e+02 1.644610e+02 7.095718e+06
-2.736957e+02 4.053044e+02 1.624897e+02 7.010665e+06
-2.735416e+02 4.059432e+02 1.627458e+02 7.021714e+06
-2.733867e+02 4.064390e+02 1.629446e+02 7.030290e+06
-2.732333e+02 4.053973e+02 1.625270e+02 7.012271e+06
-2.730758e+02 4.054849e+02 1.625621e+02 7.013787e+06
-2.729131e+02 4.046675e+02 1.622344e+02 6.999649e+06
-2.727484e+02 4.046889e+02 1.622430e+02 7.000018e+06
-2.725824e+02 4.034842e+02 1.617600e+02 6.979180e+06
-2.724135e+02 4.060578e+02 1.627917e+02 7.023696e+06
-2.722419e+02 4.095748e+02 1.642017e+02 7.084530e+06
-2.720688e+02 4.095312e+02 1.641843e+02 7.083776e+06
-2.718955e+02 4.072074e+02 1.632527e+02 7.043582e+06
-2.717226e+02 4.066189e+02 1.630167e+02 7.033401e+06
-2.715495e+02 4.045955e+02 1.622055e+02 6.998402e+06
-2.713754e+02 4.039450e+02 1.619447e+02 6.987151e+06
-2.711982e+02 4.038321e+02 1.618995e+02 6.985198e+06
-2.710202e+02 4.054120e+02 1.625328e+02 7.012525e+06
-2.708428e+02 4.045176e+02 1.621743e+02 6.997055e+06
-2.706644e+02 4.048591e+02 1.623112e+02 7.002962e+06
-2.704847e+02 4.062231e+02 1.628580e+02 7.026555e+06
-2.703045e+02 4.051055e+02 1.624100e+02 7.007225e+06
-2.701262e+02 4.036479e+02 1.618256e+02 6.982011e+06
-2.699475e+02 4.043720e+02 1.621159e+02 6.994537e+06
-2.697689e+02 4.058246e+02 1.626983e+02 7.019663e+06
-2.695918e+02 4.043906e+02 1.621234e+02 6.994858e+06
-2.694119e+02 4.031304e+02 1.616181e+02 6.973059e+06
-2.692299e+02 4.043651e+02 1.621131e+02 6.994417e+06
-2.690465e+02 4.043298e+02 1.620990e+02 6.993806e+06
-2.688635e+02 4.070945e+02 1.632074e+02 7.041628e+06
-2.686851e+02 4.100151e+02 1.643783e+02 7.092146e+06
-2.685098e+02 4.100389e+02 1.643878e+02 7.092559e+06
-2.683367e+02 4.076716e+02 1.634387e+02 7.051610e+06
-2.681641e+02 4.080933e+02 1.636078e+02 7.058904e+06
-2.679896e+02 4.067735e+02 1.630787e+02 7.036076e+06
-2.678179e+02 4.073035e+02 1.632912e+02 7.045244e+06
-2.676499e+02 4.055686e+02 1.625956e+02 7.015234e+06
-2.674865e+02 4.096676e+02 1.642390e+02 7.086136e+06
-2.673281e+02 4.112345e+02 1.648671e+02 7.113238e+06
-2.671689e+02 4.098357e+02 1.643063e+02 7.089043e+06
-2.670069e+02 4.104923e+02 1.645696e+02 7.100401e+06
-2.668450e+02 4.114209e+02 1.649419e+02 7.116463e+06
-2.666839e+02 4.138380e+02 1.659109e+02 7.158273e+06
-2.665230e+02 4.161387e+02 1.668333e+02 7.198068e+06
-2.663640e+02 4.157435e+02 1.666748e+02 7.191233e+06
-2.662031e+02 4.190596e+02 1.680043e+02 7.248592e+06
-2.660370e+02 4.199702e+02 1.683693e+02 7.264343e+06
-2.658679e+02 4.217160e+02 1.690693e+02 7.294541e+06
-2.656987e+02 4.202080e+02 1.684647e+02 7.268456e+06
-2.655326e+02 4.203201e+02 1.685096e+02 7.270396e+06
-2.653752e+02 4.220112e+02 1.691876e+02 7.299647e+06
-2.652234e+02 4.179478e+02 1.675585e+02 7.229360e+06
-2.650689e+02 4.176569e+02 1.674419e+02 7.224328e+06
-2.649112e+02 4.188538e+02 1.679218e+02 7.245033e+06
-2.647571e+02 4.186352e+02 1.678341e+02 7.241251e+06
-2.646081e+02 4.159887e+02 1.667731e+02 7.195473e+06
-2.644588e+02 4.159458e+02 1.667559e+02 7.194731e+06
-2.643070e+02 4.148010e+02 1.662970e+02 7.174930e+06
-2.641527e+02 4.138242e+02 1.659054e+02 7.158035e+06
-2.639982e+02 4.144467e+02 1.661549e+02 7.168802e+06
-2.638413e+02 4.133626e+02 1.657203e+02 7.150049e+06
-2.636829e+02 4.133027e+02 1.656963e+02 7.149014e+06
-2.635248e+02 4.109004e+02 1.647332e+02 7.107460e+06
-2.633670e+02 4.124302e+02 1.653465e+02 7.133921e+06
-2.632077e+02 4.146306e+02 1.662287e+02 7.171982e+06
-2.630468e+02 4.141489e+02 1.660355e+02 7.163650e+06
-2.628893e+02 4.159795e+02 1.667695e+02 7.195315e+06
-2.627318e+02 4.174085e+02 1.673423e+02 7.220032e+06
-2.625718e+02 4.173404e+02 1.673151e+02 7.218855e+06
-2.624104e+02 4.129008e+02 1.655352e+02 7.142061e+06
-2.622491e+02 4.134239e+02 1.657449e+02 7.151111e+06
-2.620918e+02 4.119066e+02 1.651366e+02 7.124864e+06
-2.619384e+02 4.150114e+02 1.663813e+02 7.178570e+06
-2.617881e+02 4.143812e+02 1.661287e+02 7.167669e+06
-2.616405e+02 4.138309e+02 1.659080e+02 7.158149e+06
-2.614942e+02 4.131404e+02 1.656312e+02 7.146207e+06
-2.613468e+02 4.136456e+02 1.658338e+02 7.154945e+06
-2.611985e+02 4.116474e+02 1.650327e+02 7.120381e+06
-2.610495e+02 4.096358e+02 1.642262e+02 7.085586e+06
-2.609007e+02 4.095946e+02 1.642097e+02 7.084874e+06
-2.607509e+02 4.117316e+02 1.650664e+02 7.121838e+06
-2.605952e+02 4.150956e+02 1.664151e+02 7.180026e+06
-2.604361e+02 4.143531e+02 1.661174e+02 7.167183e+06
-2.602781e+02 4.171996e+02 1.672586e+02 7.216419e+06
-2.601198e+02 4.177375e+02 1.674743e+02 7.225724e+06
-2.599583e+02 4.223704e+02 1.693316e+02 7.305860e+06
-2.597953e+02 4.247380e+02 1.702808e+02 7.346813e+06
-2.596323e+02 4.252717e+02 1.704947e+02 7.356044e+06
-2.594679e+02 4.243546e+02 1.701271e+02 7.340182e+06
-2.593019e+02 4.208417e+02 1.687188e+02 7.279418e+06
-2.591356e+02 4.213684e+02 1.689299e+02 7.288528e+06
-2.589690e+02 4.203374e+02 1.685165e+02 7.270694e+06
-2.588022e+02 4.188396e+02 1.679161e+02 7.244787e+06
-2.586355e+02 4.165365e+02 1.669928e+02 7.204950e+06
-2.584714e+02 4.186614e+02 1.678446e+02 7.241704e+06
-2.583147e+02 4.225623e+02 1.694085e+02 7.309179e+06
-2.581645e+02 4.216977e+02 1.690619e+02 7.294224e+06
-2.580181e+02 4.191988e+02 1.680601e+02 7.251000e+06
-2.578746e+02 4.188444e+02 1.679180e+02 7.244869e+06
-2.577316e+02 4.177801e+02 1.674913e+02 7.226461e+06
-2.575933e+02 4.172477e+02 1.672779e+02 7.217250e+06
-2.574596e+02 4.178226e+02 1.675083e+02 7.227195e+06
-2.573231e+02 4.176245e+02 1.674289e+02 7.223769e+06
-2.571864e+02 4.191233e+02 1.680298e+02 7.249694e+06
-2.570494e+02 4.187215e+02 1.678688e+02 7.242745e+06
-2.569079e+02 4.225018e+02 1.693843e+02 7.308133e+06
-2.567668e+02 4.212973e+02 1.689014e+02 7.287299e+06
-2.566268e+02 4.204099e+02 1.685456e+02 7.271949e+06
-2.564848e+02 4.221256e+02 1.692335e+02 7.301626e+06
-2.563433e+02 4.204657e+02 1.685680e+02 7.272914e+06
-2.562032e+02 4.201867e+02 1.684561e+02 7.268088e+06
-2.560645e+02 4.173623e+02 1.673238e+02 7.219233e+06
-2.559305e+02 4.180029e+02 1.675806e+02 7.230313e+06
-2.558013e+02 4.177148e+02 1.674652e+02 7.225331e+06
-2.556698e+02 4.166630e+02 1.670435e+02 7.207138e+06
-2.555341e+02 4.165612e+02 1.670026e+02 7.205376e+06
-2.553975e+02 4.203442e+02 1.685193e+02 7.270811e+06
-2.552599e+02 4.221830e+02 1.692565e+02 7.302618e+06
-2.551207e+02 4.217030e+02 1.690640e+02 7.294315e+06
-2.549819e+02 4.229559e+02 1.695663e+02 7.315988e+06
-2.548483e+02 4.212789e+02 1.688940e+02 7.286980e+06
-2.547183e+02 4.219633e+02 1.691684e+02 7.298817e+06
-2.545880e+02 4.212109e+02 1.688668e+02 7.285805e+06
-2.544580e+02 4.227551e+02 1.694858e+02 7.312514e+06
-2.543293e+02 4.226190e+02 1.694313e+02 7.310159e+06
-2.541967e+02 4.240174e+02 1.699919e+02 7.334348e+06
-2.540597e+02 4.223057e+02 1.693057e+02 7.304741e+06
-2.539211e+02 4.240709e+02 1.700134e+02 7.335274e+06
-2.537795e+02 4.231369e+02 1.696389e+02 7.319117e+06
-2.536337e+02 4.227955e+02 1.695020e+02 7.313212e+06
-2.534857e+02 4.212494e+02 1.688822e+02 7.286469e+06
-2.533362e+02 4.192112e+02 1.680651e+02 7.251215e+06
-2.531847e+02 4.191324e+02 1.680335e+02 7.249852e+06
-2.530314e+02 4.192918e+02 1.680974e+02 7.252608e+06
-2.528770e+02 4.176323e+02 1.674321e+02 7.223903e+06
-2.527223e+02 4.165817e+02 1.670109e+02 7.205731e+06
-2.525622e+02 4.177672e+02 1.674862e+02 7.226238e+06
-2.523954e+02 4.221457e+02 1.692415e+02 7.301973e+06
-2.522232e+02 4.209838e+02 1.687757e+02 7.281876e+06
-2.520464e+02 4.199724e+02 1.683702e+02 7.264380e+06
-2.518694e+02 4.194829e+02 1.681740e+02 7.255914e+06
-2.516940e+02 4.197118e+02 1.682658e+02 7.259874e+06
-2.515201e+02 4.185502e+02 1.678001e+02 7.239781e+06
-2.513460e+02 4.171024e+02 1.672196e+02 7.214737e+06
-2.511711e+02 4.162587e+02 1.668814e+02 7.200144e+06
-2.509964e+02 4.122104e+02 1.652584e+02 7.130119e+06
-2.508291e+02 4.143324e+02 1.661091e+02 7.166825e+06
-2.506726e+02 4.130771e+02 1.656059e+02 7.145112e+06
-2.505173e+02 4.160747e+02 1.668076e+02 7.196961e+06
-2.503567e+02 4.143752e+02 1.661263e+02 7.167565e+06
-2.501928e+02 4.145425e+02 1.661933e+02 7.170458e+06
-2.500292e+02 4.166824e+02 1.670512e+02 7.207473e+06
-2.498678e+02 4.146183e+02 1.662237e+02 7.171769e+06
-2.497128e+02 4.133967e+02 1.657340e+02 7.150640e+06
-2.495677e+02 4.087319e+02 1.638638e+02 7.069951e+06
-2.494292e+02 4.091547e+02 1.640333e+02 7.077264e+06
-2.492960e+02 4.113531e+02 1.649147e+02 7.115291e+06
-2.491669e+02 4.131394e+02 1.656308e+02 7.146189e+06
-2.490426e+02 4.117740e+02 1.650834e+02 7.122570e+06
-2.489236e+02 4.154419e+02 1.665539e+02 7.186015e+06
-2.488089e+02 4.149985e+02 1.663762e+02 7.178346e+06
-2.487049e+02 4.142425e+02 1.660731e+02 7.165269e+06
-2.486134e+02 4.139931e+02 1.659731e+02 7.160956e+06
-2.485264e+02 4.123020e+02 1.652951e+02 7.131704e+06
-2.484406e+02 4.166413e+02 1.670347e+02 7.206761e+06
-2.483559e+02 4.148009e+02 1.662969e+02 7.174927e+06
-2.482708e+02 4.150179e+02 1.663839e+02 7.178681e+06
-2.481834e+02 4.139854e+02 1.659700e+02 7.160822e+06
-2.480950e+02 4.137995e+02 1.658955e+02 7.157606e+06
-2.480071e+02 4.135836e+02 1.658089e+02 7.153873e+06
-2.479194e+02 4.146798e+02 1.662484e+02 7.172834e+06
-2.478281e+02 4.148341e+02 1.663103e+02 7.175503e+06
-2.477294e+02 4.130506e+02 1.655952e+02 7.144653e+06
-2.476286e+02 4.113762e+02 1.649240e+02 7.115691e+06
-2.475280e+02 4.098041e+02 1.642937e+02 7.088497e+06
-2.474295e+02 4.109729e+02 1.647623e+02 7.108715e+06
-2.473411e+02 4.100713e+02 1.644008e+02 7.093118e+06
-2.472576e+02 4.075924e+02 1.634070e+02 7.050240e+06
-2.471760e+02 4.107920e+02 1.646897e+02 7.105585e+06
-2.470949e+02 4.108004e+02 1.646931e+02 7.105730e+06
-2.470132e+02 4.097306e+02 1.642642e+02 7.087225e+06
-2.469283e+02 4.114324e+02 1.649465e+02 7.116662e+06
-2.468349e+02 4.140210e+02 1.659843e+02 7.161438e+06
-2.467404e+02 4.097694e+02 1.642798e+02 7.087897e+06
-2.466485e+02 4.103811e+02 1.645250e+02 7.098478e+06
-2.465591e+02 4.082640e+02 1.636762e+02 7.061858e+06
-2.464684e+02 4.068211e+02 1.630978e+02 7.036899e+06
-2.463730e+02 4.061206e+02 1.628169e+02 7.024783e+06
-2.462797e+02 4.077698e+02 1.634781e+02 7.053310e+06
-2.461894e+02 4.079598e+02 1.635543e+02 7.056596e+06
-2.460956e+02 4.080611e+02 1.635949e+02 7.058348e+06
-2.460019e+02 4.092924e+02 1.640885e+02 7.079645e+06
-2.459139e+02 4.094073e+02 1.641346e+02 7.081634e+06
-2.458286e+02 4.084224e+02 1.637397e+02 7.064597e+06
-2.457463e+02 4.073903e+02 1.633260e+02 7.046745e+06
-2.456660e+02 4.085956e+02 1.638092e+02 7.067593e+06
-2.455893e+02 4.086200e+02 1.638190e+02 7.068016e+06
-2.455199e+02 4.083980e+02 1.637300e+02 7.064175e+06
-2.454494e+02 4.082677e+02 1.636777e+02 7.061922e+06
-2.453795e+02 4.081841e+02 1.636442e+02 7.060476e+06
-2.453097e+02 4.081039e+02 1.636121e+02 7.059088e+06
-2.452416e+02 4.068303e+02 1.631015e+02 7.037059e+06
-2.451834e+02 4.066879e+02 1.630444e+02 7.034595e+06
-2.451296e+02 4.053156e+02 1.624942e+02 7.010858e+06
-2.450755e+02 4.067938e+02 1.630868e+02 7.036427e+06
-2.450271e+02 4.063388e+02 1.629044e+02 7.028558e+06
-2.449858e+02 4.090470e+02 1.639901e+02 7.075401e+06
-2.449465e+02 4.089333e+02 1.639446e+02 7.073434e+06
-2.449057e+02 4.102220e+02 1.644612e+02 7.095726e+06
-2.448635e+02 4.075682e+02 1.633973e+02 7.049822e+06
-2.448237e+02 4.046463e+02 1.622259e+02 6.999281e+06
-2.447868e+02 4.042640e+02 1.620726e+02 6.992669e+06
-2.447523e+02 4.049216e+02 1.623363e+02 7.004043e+06
-2.447216e+02 4.037762e+02 1.618770e+02 6.984231e+06
-2.446975e+02 4.050374e+02 1.623827e+02 7.006046e+06
-2.446794e+02 4.049359e+02 1.623420e+02 7.004290e+06
-2.446660e+02 4.037811e+02 1.618790e+02 6.984315e+06
-2.446554e+02 4.031644e+02 1.616318e+02 6.973649e+06
-2.446495e+02 4.035528e+02 1.617875e+02 6.980366e+06
-2.446452e+02 4.042163e+02 1.620535e+02 6.991843e+06
-2.446386e+02 4.054665e+02 1.625547e+02 7.013469e+06
-2.446354e+02 4.095687e+02 1.641993e+02 7.084426e+06
-2.446315e+02 4.100877e+02 1.644074e+02 7.093402e+06
-2.446266e+02 4.099520e+02 1.643530e+02 7.091055e+06
-2.446234e+02 4.120892e+02 1.652098e+02 7.128023e+06
-2.446163e+02 4.121714e+02 1.652427e+02 7.129444e+06
-2.446019e+02 4.144837e+02 1.661698e+02 7.169442e+06
-2.445857e+02 4.133467e+02 1.657139e+02 7.149775e+06
-2.445697e+02 4.138553e+02 1.659178e+02 7.158572e+06
-2.445512e+02 4.156332e+02 1.666306e+02 7.189324e+06
-2.445345e+02 4.168715e+02 1.671270e+02 7.210743e+06
-2.445204e+02 4.181683e+02 1.676469e+02 7.233174e+06
-2.445089e+02 4.201979e+02 1.684606e+02 7.268282e+06
-2.444982e+02 4.214930e+02 1.689799e+02 7.290683e+06
-2.444895e+02 4.209574e+02 1.687651e+02 7.281419e+06
-2.444826e+02 4.205148e+02 1.685877e+02 7.273763e+06
-2.444762e+02 4.230411e+02 1.696005e+02 7.317462e+06
-2.444695e+02 4.222200e+02 1.692713e+02 7.303259e+06
-2.444577e+02 4.219218e+02 1.691518e+02 7.298100e+06
-2.444453e+02 4.220302e+02 1.691952e+02 7.299976e+06
-2.444347e+02 4.218310e+02 1.691154e+02 7.296529e+06
-2.444238e+02 4.225568e+02 1.694063e+02 7.309084e+06
-2.444123e+02 4.206691e+02 1.686495e+02 7.276432e+06
-2.444016e+02 4.228818e+02 1.695366e+02 7.314706e+06
-2.443941e+02 4.261505e+02 1.708471e+02 7.371245e+06
-2.443852e+02 4.260514e+02 1.708074e+02 7.369532e+06
-2.443751e+02 4.266183e+02 1.710346e+02 7.379337e+06
-2.443690e+02 4.287838e+02 1.719028e+02 7.416794e+06
-2.443659e+02 4.303476e+02 1.725297e+02 7.443844e+06
-2.443654e+02 4.314974e+02 1.729907e+02 7.463732e+06
-2.443667e+02 4.323646e+02 1.733384e+02 7.478733e+06
-2.443630e+02 4.342358e+02 1.740885e+02 7.511099e+06
-2.443539e+02 4.359681e+02 1.747830e+02 7.541064e+06
-2.443450e+02 4.342560e+02 1.740966e+02 7.511449e+06
-2.443379e+02 4.346689e+02 1.742622e+02 7.518591e+06
-2.443371e+02 4.355807e+02 1.746277e+02 7.534363e+06
-2.443400e+02 4.367335e+02 1.750899e+02 7.554303e+06
-2.443429e+02 4.377881e+02 1.755127e+02 7.572544e+06
-2.443466e+02 4.352907e+02 1.745115e+02 7.529346e+06
-2.443529e+02 4.332575e+02 1.736963e+02 7.494176e+06
-2.443620e+02 4.351371e+02 1.744499e+02 7.526689e+06
-2.443734e+02 4.352544e+02 1.744969e+02 7.528718e+06
-2.443874e+02 4.362586e+02 1.748995e+02 7.546087e+06
-2.443959e+02 4.386409e+02 1.758546e+02 7.587294e+06
-2.443951e+02 4.389573e+02 1.759814e+02 7.592768e+06
-2.443863e+02 4.411083e+02 1.768438e+02 7.629974e+06
-2.443764e+02 4.421497e+02 1.772613e+02 7.647988e+06
-2.443665e+02 4.410170e+02 1.768072e+02 7.628395e+06
-2.443531e+02 4.414119e+02 1.769655e+02 7.635225e+06
-2.443388e+02 4.407381e+02 1.766954e+02 7.623572e+06
-2.443277e+02 4.412494e+02 1.769003e+02 7.632415e+06
-2.443168e+02 4.421950e+02 1.772794e+02 7.648771e+06
-2.443005e+02 4.427185e+02 1.774893e+02 7.657827e+06
-2.442842e+02 4.429420e+02 1.775789e+02 7.661693e+06
-2.442707e+02 4.433430e+02 1.777397e+02 7.668629e+06
-2.442557e+02 4.407095e+02 1.766839e+02 7.623077e+06
-2.442375e+02 4.427678e+02 1.775091e+02 7.658679e+06
-2.442154e+02 4.406818e+02 1.766728e+02 7.622598e+06
-2.441892e+02 4.398656e+02 1.763456e+02 7.608479e+06
-2.441607e+02 4.402533e+02 1.765010e+02 7.615186e+06
-2.441304e+02 4.429643e+02 1.775879e+02 7.662079e+06
-2.441015e+02 4.454588e+02 1.785879e+02 7.705226e+06
-2.440717e+02 4.450597e+02 1.784279e+02 7.698323e+06
-2.440390e+02 4.451414e+02 1.784607e+02 7.699736e+06
-2.440031e+02 4.434402e+02 1.777787e+02 7.670311e+06
-2.439673e+02 4.450983e+02 1.784434e+02 7.698991e+06
