#E_pot  E_kin  T  P
-3.171020e+02 1.244234e+02 4.988233e+01 1.101920e+06
-3.171034e+02 1.245362e+02 4.992756e+01 1.102919e+06
-3.171013e+02 1.238048e+02 4.963432e+01 1.096441e+06
-3.170958e+02 1.241780e+02 4.978395e+01 1.099747e+06
-3.170868e+02 1.242796e+02 4.982469e+01 1.100646e+06
-3.170744e+02 1.240879e+02 4.974783e+01 1.098949e+06
-3.170585e+02 1.240439e+02 4.973018e+01 1.098559e+06
-3.170392e+02 1.239015e+02 4.967308e+01 1.097297e+06
-3.170165e+02 1.240503e+02 4.973272e+01 1.098615e+06
-3.169904e+02 1.245759e+02 4.994345e+01 1.103270e+06
-3.169610e+02 1.248144e+02 5.003907e+01 1.105382e+06
-3.169281e+02 1.251751e+02 5.018368e+01 1.108577e+06
-3.168918e+02 1.249676e+02 5.010047e+01 1.106739e+06
-3.168522e+02 1.246166e+02 4.995978e+01 1.103631e+06
-3.168090e+02 1.252414e+02 5.021024e+01 1.109163e+06
-3.167623e+02 1.248207e+02 5.004161e+01 1.105438e+06
-3.167122e+02 1.242771e+02 4.982367e+01 1.100624e+06
-3.166589e+02 1.238652e+02 4.965852e+01 1.096976e+06
-3.166018e+02 1.246307e+02 4.996541e+01 1.103755e+06
-3.165413e+02 1.247260e+02 5.000362e+01 1.104599e+06
-3.164774e+02 1.252014e+02 5.019422e+01 1.108810e+06
-3.164101e+02 1.253228e+02 5.024289e+01 1.109885e+06
-3.163397e+02 1.250892e+02 5.014923e+01 1.107816e+06
-3.162660e+02 1.245486e+02 4.993251e+01 1.103028e+06
-3.161888e+02 1.248842e+02 5.006706e+01 1.106001e+06
-3.161084e+02 1.245233e+02 4.992239e+01 1.102805e+06
-3.160249e+02 1.240726e+02 4.974169e+01 1.098813e+06
-3.159383e+02 1.246662e+02 4.997964e+01 1.104070e+06
-3.158487e+02 1.244476e+02 4.989202e+01 1.102134e+06
-3.157560e+02 1.247566e+02 5.001590e+01 1.104870e+06
-3.156601e+02 1.253335e+02 5.024719e+01 1.109980e+06
-3.155609e+02 1.253823e+02 5.026676e+01 1.110412e+06
-3.154585e+02 1.255141e+02 5.031960e+01 1.111579e+06
-3.153532e+02 1.253296e+02 5.024560e+01 1.109945e+06
-3.152444e+02 1.257289e+02 5.040572e+01 1.113482e+06
-3.151324e+02 1.251026e+02 5.015459e+01 1.107934e+06
-3.150171e+02 1.258866e+02 5.046891e+01 1.114878e+06
-3.148981e+02 1.263806e+02 5.066697e+01 1.119253e+06
-3.147756e+02 1.262382e+02 5.060987e+01 1.117991e+06
-3.146500e+02 1.256679e+02 5.038124e+01 1.112941e+06
-3.145214e+02 1.261085e+02 5.055787e+01 1.116843e+06
-3.143896e+02 1.257402e+02 5.041023e+01 1.113581e+06
-3.142544e+02 1.260639e+02 5.054000e+01 1.116448e+06
-3.141160e+02 1.250055e+02 5.011568e+01 1.107075e+06
-3.139745e+02 1.253297e+02 5.024568e+01 1.109946e+06
-3.138299e+02 1.250937e+02 5.015106e+01 1.107856e+06
-3.136817e+02 1.251904e+02 5.018982e+01 1.108712e+06
-3.135297e+02 1.249225e+02 5.008242e+01 1.106340e+06
-3.133740e+02 1.250395e+02 5.012934e+01 1.107376e+06
-3.132149e+02 1.249060e+02 5.007580e+01 1.106194e+06
-3.130531e+02 1.243098e+02 4.983679e+01 1.100914e+06
-3.128886e+02 1.238266e+02 4.964305e+01 1.096634e+06
-3.127210e+02 1.236547e+02 4.957412e+01 1.095111e+06
-3.125504e+02 1.229071e+02 4.927443e+01 1.088491e+06
-3.123764e+02 1.237809e+02 4.962473e+01 1.096229e+06
-3.121992e+02 1.233533e+02 4.945329e+01 1.092442e+06
-3.120198e+02 1.222168e+02 4.899767e+01 1.082377e+06
-3.118375e+02 1.217746e+02 4.882039e+01 1.078461e+06
-3.116518e+02 1.217614e+02 4.881509e+01 1.078344e+06
-3.114632e+02 1.215515e+02 4.873096e+01 1.076486e+06
-3.112723e+02 1.209471e+02 4.848865e+01 1.071133e+06
-3.110792e+02 1.200691e+02 4.813664e+01 1.063357e+06
-3.108839e+02 1.200721e+02 4.813786e+01 1.063384e+06
-3.106862e+02 1.195082e+02 4.791178e+01 1.058390e+06
-3.104855e+02 1.190255e+02 4.771824e+01 1.054114e+06
-3.102814e+02 1.188534e+02 4.764928e+01 1.052591e+06
-3.100740e+02 1.192893e+02 4.782401e+01 1.056451e+06
-3.098636e+02 1.188364e+02 4.764246e+01 1.052440e+06
-3.096505e+02 1.188506e+02 4.764816e+01 1.052566e+06
-3.094346e+02 1.186548e+02 4.756964e+01 1.050832e+06
-3.092160e+02 1.185298e+02 4.751955e+01 1.049725e+06
-3.089948e+02 1.185800e+02 4.753967e+01 1.050170e+06
-3.087722e+02 1.178220e+02 4.723576e+01 1.043456e+06
-3.085472e+02 1.180225e+02 4.731614e+01 1.045232e+06
-3.083192e+02 1.177078e+02 4.718998e+01 1.042445e+06
-3.080891e+02 1.166592e+02 4.676960e+01 1.033158e+06
-3.078570e+02 1.160664e+02 4.653192e+01 1.027908e+06
-3.076229e+02 1.160380e+02 4.652056e+01 1.027657e+06
-3.073867e+02 1.157380e+02 4.640027e+01 1.025000e+06
-3.071493e+02 1.144963e+02 4.590247e+01 1.014003e+06
-3.069099e+02 1.144419e+02 4.588065e+01 1.013521e+06
-3.066673e+02 1.139756e+02 4.569371e+01 1.009392e+06
-3.064226e+02 1.142455e+02 4.580190e+01 1.011782e+06
-3.061755e+02 1.138140e+02 4.562892e+01 1.007960e+06
-3.059256e+02 1.131014e+02 4.534324e+01 1.001650e+06
-3.056743e+02 1.124208e+02 4.507038e+01 9.956221e+05
-3.054217e+02 1.128370e+02 4.523726e+01 9.993084e+05
-3.051666e+02 1.131626e+02 4.536778e+01 1.002192e+06
-3.049099e+02 1.130130e+02 4.530779e+01 1.000866e+06
-3.046512e+02 1.125320e+02 4.511498e+01 9.966073e+05
-3.043906e+02 1.121364e+02 4.495635e+01 9.931029e+05
-3.041284e+02 1.124328e+02 4.507519e+01 9.957283e+05
-3.038650e+02 1.126895e+02 4.517811e+01 9.980019e+05
-3.036008e+02 1.126122e+02 4.514711e+01 9.973169e+05
-3.033363e+02 1.121870e+02 4.497663e+01 9.935511e+05
-3.030704e+02 1.117808e+02 4.481381e+01 9.899543e+05
-3.028046e+02 1.106894e+02 4.437624e+01 9.802881e+05
-3.025397e+02 1.102955e+02 4.421831e+01 9.767995e+05
-3.022748e+02 1.098616e+02 4.404436e+01 9.729569e+05
-3.020107e+02 1.094930e+02 4.389661e+01 9.696930e+05
-3.017473e+02 1.090741e+02 4.372868e+01 9.659832e+05
-3.014835e+02 1.085788e+02 4.353008e+01 9.615962e+05
-3.012188e+02 1.084684e+02 4.348582e+01 9.606184e+05
-3.009537e+02 1.080519e+02 4.331887e+01 9.569305e+05
-3.006890e+02 1.073815e+02 4.305010e+01 9.509933e+05
-3.004240e+02 1.070918e+02 4.293395e+01 9.484275e+05
-3.001588e+02 1.066594e+02 4.276058e+01 9.445977e+05
-2.998938e+02 1.065167e+02 4.270338e+01 9.433341e+05
-2.996282e+02 1.070633e+02 4.292253e+01 9.481751e+05
-2.993612e+02 1.065137e+02 4.270216e+01 9.433071e+05
-2.990936e+02 1.061852e+02 4.257049e+01 9.403985e+05
-2.988264e+02 1.060716e+02 4.252492e+01 9.393918e+05
-2.985585e+02 1.055143e+02 4.230150e+01 9.344564e+05
-2.982900e+02 1.049729e+02 4.208447e+01 9.296620e+05
-2.980218e+02 1.053150e+02 4.222163e+01 9.326920e+05
-2.977522e+02 1.050203e+02 4.210345e+01 9.300813e+05
-2.974807e+02 1.048773e+02 4.204612e+01 9.288149e+05
-2.972084e+02 1.054559e+02 4.227811e+01 9.339398e+05
-2.969347e+02 1.054180e+02 4.226289e+01 9.336034e+05
-2.966611e+02 1.043622e+02 4.183962e+01 9.242532e+05
-2.963888e+02 1.035950e+02 4.153206e+01 9.174592e+05
-2.961168e+02 1.034621e+02 4.147879e+01 9.162823e+05
-2.958465e+02 1.028200e+02 4.122136e+01 9.105957e+05
-2.955805e+02 1.020680e+02 4.091986e+01 9.039355e+05
-2.953181e+02 1.018363e+02 4.082698e+01 9.018836e+05
-2.950573e+02 1.017549e+02 4.079433e+01 9.011624e+05
-2.947968e+02 1.017258e+02 4.078267e+01 9.009048e+05
-2.945376e+02 1.018675e+02 4.083947e+01 9.021595e+05
-2.942805e+02 1.015477e+02 4.071126e+01 8.993273e+05
-2.940255e+02 1.014557e+02 4.067439e+01 8.985129e+05
-2.937727e+02 1.008962e+02 4.045007e+01 8.935575e+05
-2.935218e+02 1.008839e+02 4.044516e+01 8.934491e+05
-2.932719e+02 1.009976e+02 4.049073e+01 8.944558e+05
-2.930244e+02 9.993398e+01 4.006432e+01 8.850362e+05
-2.927795e+02 1.000954e+02 4.012903e+01 8.864657e+05
-2.925369e+02 9.928403e+01 3.980375e+01 8.792801e+05
-2.922962e+02 9.875705e+01 3.959247e+01 8.746130e+05
-2.920575e+02 9.789974e+01 3.924878e+01 8.670205e+05
-2.918216e+02 9.821719e+01 3.937604e+01 8.698319e+05
-2.915882e+02 9.775824e+01 3.919205e+01 8.657673e+05
-2.913580e+02 9.736772e+01 3.903548e+01 8.623088e+05
-2.911303e+02 9.771877e+01 3.917622e+01 8.654178e+05
-2.909048e+02 9.759355e+01 3.912602e+01 8.643088e+05
-2.906832e+02 9.761880e+01 3.913614e+01 8.645325e+05
-2.904662e+02 9.777763e+01 3.919982e+01 8.659390e+05
-2.902543e+02 9.730298e+01 3.900953e+01 8.617355e+05
-2.900485e+02 9.736520e+01 3.903447e+01 8.622865e+05
-2.898462e+02 9.696134e+01 3.887256e+01 8.587098e+05
-2.896469e+02 9.669303e+01 3.876499e+01 8.563336e+05
-2.894525e+02 9.655738e+01 3.871061e+01 8.551323e+05
-2.892625e+02 9.615358e+01 3.854872e+01 8.515561e+05
-2.890773e+02 9.714150e+01 3.894479e+01 8.603054e+05
-2.888968e+02 9.636927e+01 3.863520e+01 8.534663e+05
-2.887187e+02 9.616040e+01 3.855146e+01 8.516165e+05
-2.885433e+02 9.582205e+01 3.841581e+01 8.486201e+05
-2.883717e+02 9.522869e+01 3.817793e+01 8.433651e+05
-2.882023e+02 9.476123e+01 3.799052e+01 8.392252e+05
-2.880349e+02 9.573917e+01 3.838259e+01 8.478861e+05
-2.878706e+02 9.607596e+01 3.851761e+01 8.508688e+05
-2.877102e+02 9.524402e+01 3.818407e+01 8.435009e+05
-2.875532e+02 9.539288e+01 3.824375e+01 8.448192e+05
-2.874005e+02 9.540705e+01 3.824944e+01 8.449447e+05
-2.872533e+02 9.534696e+01 3.822535e+01 8.444126e+05
-2.871114e+02 9.520353e+01 3.816784e+01 8.431423e+05
-2.869743e+02 9.605179e+01 3.850792e+01 8.506547e+05
-2.868405e+02 9.669469e+01 3.876566e+01 8.563484e+05
-2.867098e+02 9.685304e+01 3.882914e+01 8.577507e+05
-2.865817e+02 9.679896e+01 3.880746e+01 8.572717e+05
-2.864546e+02 9.639860e+01 3.864695e+01 8.537261e+05
-2.863294e+02 9.741988e+01 3.905639e+01 8.627707e+05
-2.862081e+02 9.729723e+01 3.900722e+01 8.616845e+05
-2.860921e+02 9.705402e+01 3.890972e+01 8.595306e+05
-2.859808e+02 9.650997e+01 3.869161e+01 8.547124e+05
-2.858742e+02 9.546708e+01 3.827350e+01 8.454764e+05
-2.857720e+02 9.562501e+01 3.833682e+01 8.468751e+05
-2.856726e+02 9.642858e+01 3.865897e+01 8.539916e+05
-2.855776e+02 9.623166e+01 3.858003e+01 8.522476e+05
-2.854880e+02 9.654516e+01 3.870571e+01 8.550240e+05
-2.854045e+02 9.592438e+01 3.845684e+01 8.495263e+05
-2.853263e+02 9.572488e+01 3.837686e+01 8.477595e+05
-2.852505e+02 9.634830e+01 3.862679e+01 8.532806e+05
-2.851786e+02 9.633401e+01 3.862106e+01 8.531541e+05
-2.851117e+02 9.627613e+01 3.859785e+01 8.526414e+05
-2.850489e+02 9.683124e+01 3.882040e+01 8.575576e+05
-2.849891e+02 9.721422e+01 3.897394e+01 8.609494e+05
-2.849315e+02 9.651335e+01 3.869296e+01 8.547423e+05
-2.848752e+02 9.689610e+01 3.884641e+01 8.581321e+05
-2.848198e+02 9.669113e+01 3.876423e+01 8.563168e+05
-2.847658e+02 9.640918e+01 3.865120e+01 8.538198e+05
-2.847146e+02 9.664401e+01 3.874534e+01 8.558995e+05
-2.846665e+02 9.641103e+01 3.865194e+01 8.538361e+05
-2.846228e+02 9.624948e+01 3.858717e+01 8.524054e+05
-2.845843e+02 9.614312e+01 3.854453e+01 8.514635e+05
-2.845503e+02 9.529192e+01 3.820328e+01 8.439251e+05
-2.845192e+02 9.553707e+01 3.830156e+01 8.460962e+05
-2.844898e+02 9.523687e+01 3.818121e+01 8.434376e+05
-2.844616e+02 9.510325e+01 3.812764e+01 8.422542e+05
-2.844354e+02 9.492596e+01 3.805656e+01 8.406840e+05
-2.844120e+02 9.437802e+01 3.783689e+01 8.358314e+05
-2.843910e+02 9.561523e+01 3.833289e+01 8.467884e+05
-2.843743e+02 9.517295e+01 3.815558e+01 8.428715e+05
-2.843625e+02 9.516088e+01 3.815074e+01 8.427646e+05
-2.843534e+02 9.540009e+01 3.824665e+01 8.448831e+05
-2.843452e+02 9.546305e+01 3.827189e+01 8.454407e+05
-2.843388e+02 9.563411e+01 3.834046e+01 8.469556e+05
-2.843345e+02 9.690982e+01 3.885191e+01 8.582536e+05
-2.843313e+02 9.711993e+01 3.893614e+01 8.601144e+05
-2.843305e+02 9.755461e+01 3.911041e+01 8.639640e+05
-2.843336e+02 9.781099e+01 3.921319e+01 8.662345e+05
-2.843409e+02 9.879071e+01 3.960597e+01 8.749111e+05
-2.843515e+02 9.878494e+01 3.960366e+01 8.748600e+05
-2.843641e+02 9.914307e+01 3.974723e+01 8.780317e+05
-2.843787e+02 9.902539e+01 3.970005e+01 8.769894e+05
-2.843947e+02 9.883936e+01 3.962548e+01 8.753420e+05
-2.844129e+02 9.907201e+01 3.971875e+01 8.774024e+05
-2.844333e+02 9.935825e+01 3.983350e+01 8.799374e+05
-2.844536e+02 9.926205e+01 3.979494e+01 8.790854e+05
-2.844742e+02 9.991550e+01 4.005691e+01 8.848725e+05
-2.844951e+02 1.002527e+02 4.019210e+01 8.878589e+05
-2.845166e+02 9.992335e+01 4.006006e+01 8.849420e+05
-2.845408e+02 9.924678e+01 3.978881e+01 8.789502e+05
-2.845676e+02 9.870726e+01 3.957252e+01 8.741721e+05
-2.845966e+02 9.864428e+01 3.954727e+01 8.736143e+05
-2.846288e+02 9.849254e+01 3.948643e+01 8.722705e+05
-2.846628e+02 9.809125e+01 3.932555e+01 8.687165e+05
-2.846971e+02 9.767687e+01 3.915942e+01 8.650467e+05
-2.847322e+02 9.763638e+01 3.914319e+01 8.646882e+05
-2.847701e+02 9.802175e+01 3.929769e+01 8.681010e+05
-2.848114e+02 9.823759e+01 3.938422e+01 8.700126e+05
-2.848545e+02 9.774317e+01 3.918600e+01 8.656339e+05
-2.848984e+02 9.793870e+01 3.926440e+01 8.673656e+05
-2.849413e+02 9.774648e+01 3.918733e+01 8.656632e+05
-2.849841e+02 9.803564e+01 3.930326e+01 8.682241e+05
-2.850282e+02 9.842905e+01 3.946098e+01 8.717082e+05
-2.850724e+02 9.808596e+01 3.932343e+01 8.686697e+05
-2.851171e+02 9.796128e+01 3.927345e+01 8.675655e+05
-2.851646e+02 9.880493e+01 3.961167e+01 8.750370e+05
-2.852138e+02 9.854164e+01 3.950612e+01 8.727053e+05
-2.852654e+02 9.873087e+01 3.958198e+01 8.743812e+05
-2.853202e+02 9.872414e+01 3.957928e+01 8.743215e+05
-2.853743e+02 9.876647e+01 3.959625e+01 8.746964e+05
-2.854274e+02 9.906790e+01 3.971710e+01 8.773660e+05
-2.854812e+02 9.936637e+01 3.983676e+01 8.800093e+05
-2.855362e+02 9.872901e+01 3.958123e+01 8.743647e+05
-2.855909e+02 9.818852e+01 3.936455e+01 8.695780e+05
-2.856446e+02 9.844107e+01 3.946580e+01 8.718146e+05
-2.856982e+02 9.897028e+01 3.967796e+01 8.765014e+05
-2.857517e+02 9.886035e+01 3.963389e+01 8.755279e+05
-2.858050e+02 9.955178e+01 3.991109e+01 8.816513e+05
-2.858592e+02 9.983623e+01 4.002513e+01 8.841704e+05
-2.859139e+02 1.001549e+02 4.015288e+01 8.869925e+05
-2.859682e+02 1.011166e+02 4.053843e+01 8.955095e+05
-2.860236e+02 1.016394e+02 4.074803e+01 9.001396e+05
-2.860802e+02 1.007874e+02 4.040648e+01 8.925946e+05
-2.861366e+02 1.014984e+02 4.069151e+01 8.988910e+05
-2.861927e+02 1.020123e+02 4.089753e+01 9.034421e+05
-2.862505e+02 1.019031e+02 4.085375e+01 9.024751e+05
-2.863091e+02 1.016673e+02 4.075922e+01 9.003869e+05
-2.863673e+02 1.024147e+02 4.105887e+01 9.070061e+05
-2.864273e+02 1.023082e+02 4.101617e+01 9.060628e+05
-2.864874e+02 1.022212e+02 4.098129e+01 9.052925e+05
-2.865469e+02 1.018747e+02 4.084237e+01 9.022237e+05
-2.866074e+02 1.019342e+02 4.086621e+01 9.027503e+05
-2.866686e+02 1.024552e+02 4.107510e+01 9.073648e+05
-2.867306e+02 1.026307e+02 4.114544e+01 9.089185e+05
-2.867926e+02 1.026507e+02 4.115347e+01 9.090959e+05
-2.868543e+02 1.032431e+02 4.139096e+01 9.143422e+05
-2.869167e+02 1.034684e+02 4.148129e+01 9.163377e+05
-2.869778e+02 1.034477e+02 4.147300e+01 9.161544e+05
-2.870370e+02 1.039671e+02 4.168122e+01 9.207542e+05
-2.870963e+02 1.036526e+02 4.155515e+01 9.179693e+05
-2.871563e+02 1.035051e+02 4.149600e+01 9.166626e+05
-2.872162e+02 1.021558e+02 4.095506e+01 9.047130e+05
-2.872765e+02 1.021688e+02 4.096028e+01 9.048283e+05
-2.873371e+02 1.016829e+02 4.076547e+01 9.005249e+05
-2.873987e+02 1.018944e+02 4.085026e+01 9.023979e+05
-2.874608e+02 1.023318e+02 4.102561e+01 9.062716e+05
-2.875219e+02 1.018955e+02 4.085071e+01 9.024080e+05
-2.875834e+02 1.025401e+02 4.110915e+01 9.081169e+05
-2.876453e+02 1.030803e+02 4.132569e+01 9.129003e+05
-2.877067e+02 1.032557e+02 4.139603e+01 9.144542e+05
-2.877676e+02 1.032074e+02 4.137665e+01 9.140262e+05
-2.878285e+02 1.036264e+02 4.154465e+01 9.177373e+05
-2.878890e+02 1.040184e+02 4.170180e+01 9.212089e+05
-2.879487e+02 1.043072e+02 4.181756e+01 9.237659e+05
-2.880069e+02 1.052439e+02 4.219310e+01 9.320618e+05
-2.880632e+02 1.058479e+02 4.243525e+01 9.374110e+05
-2.881179e+02 1.058729e+02 4.244529e+01 9.376327e+05
-2.881706e+02 1.057915e+02 4.241263e+01 9.369112e+05
-2.882212e+02 1.061835e+02 4.256981e+01 9.403835e+05
-2.882705e+02 1.062555e+02 4.259865e+01 9.410205e+05
-2.883176e+02 1.063180e+02 4.262372e+01 9.415744e+05
-2.883632e+02 1.063638e+02 4.264206e+01 9.419795e+05
-2.884085e+02 1.060274e+02 4.250723e+01 9.390011e+05
-2.884527e+02 1.056791e+02 4.236757e+01 9.359160e+05
-2.884944e+02 1.051767e+02 4.216618e+01 9.314671e+05
-2.885343e+02 1.053274e+02 4.222659e+01 9.328016e+05
-2.885737e+02 1.053893e+02 4.225141e+01 9.333498e+05
-2.886122e+02 1.056210e+02 4.234427e+01 9.354013e+05
-2.886496e+02 1.052360e+02 4.218992e+01 9.319916e+05
-2.886866e+02 1.049731e+02 4.208454e+01 9.296636e+05
-2.887226e+02 1.053562e+02 4.223811e+01 9.330561e+05
-2.887569e+02 1.054862e+02 4.229025e+01 9.342079e+05
-2.887899e+02 1.057553e+02 4.239812e+01 9.365907e+05
-2.888216e+02 1.054965e+02 4.229436e+01 9.342986e+05
-2.888526e+02 1.053170e+02 4.222241e+01 9.327093e+05
-2.888835e+02 1.052939e+02 4.221316e+01 9.325048e+05
-2.889139e+02 1.062323e+02 4.258936e+01 9.408153e+05
-2.889420e+02 1.062179e+02 4.258360e+01 9.406882e+05
-2.889679e+02 1.066158e+02 4.274313e+01 9.442121e+05
-2.889918e+02 1.060154e+02 4.250240e+01 9.388943e+05
-2.890126e+02 1.062553e+02 4.259858e+01 9.410190e+05
-2.890306e+02 1.058525e+02 4.243708e+01 9.374515e+05
-2.890456e+02 1.051665e+02 4.216209e+01 9.313767e+05
-2.890596e+02 1.052622e+02 4.220046e+01 9.322244e+05
-2.890733e+02 1.063050e+02 4.261851e+01 9.414592e+05
-2.890860e+02 1.066541e+02 4.275848e+01 9.445512e+05
-2.890993e+02 1.061223e+02 4.254527e+01 9.398414e+05
-2.891118e+02 1.056654e+02 4.236210e+01 9.357951e+05
-2.891225e+02 1.057685e+02 4.240344e+01 9.367083e+05
-2.891324e+02 1.051322e+02 4.214831e+01 9.310723e+05
-2.891417e+02 1.054314e+02 4.226828e+01 9.337226e+05
-2.891496e+02 1.059663e+02 4.248273e+01 9.384598e+05
-2.891551e+02 1.057115e+02 4.238056e+01 9.362028e+05
-2.891583e+02 1.061144e+02 4.254208e+01 9.397709e+05
-2.891606e+02 1.060293e+02 4.250798e+01 9.390175e+05
-2.891614e+02 1.055835e+02 4.232924e+01 9.350692e+05
-2.891592e+02 1.061609e+02 4.256075e+01 9.401834e+05
-2.891547e+02 1.061306e+02 4.254859e+01 9.399147e+05
-2.891499e+02 1.059949e+02 4.249419e+01 9.387129e+05
-2.891449e+02 1.058779e+02 4.244727e+01 9.376765e+05
-2.891400e+02 1.057389e+02 4.239155e+01 9.364457e+05
-2.891347e+02 1.069549e+02 4.287906e+01 9.472150e+05
-2.891280e+02 1.071669e+02 4.296406e+01 9.490925e+05
-2.891198e+02 1.067964e+02 4.281552e+01 9.458114e+05
-2.891106e+02 1.064635e+02 4.268204e+01 9.428627e+05
-2.891015e+02 1.072745e+02 4.300720e+01 9.500455e+05
-2.890931e+02 1.072933e+02 4.301473e+01 9.502118e+05
-2.890851e+02 1.079360e+02 4.327239e+01 9.559038e+05
-2.890768e+02 1.078345e+02 4.323170e+01 9.550048e+05
-2.890685e+02 1.079879e+02 4.329320e+01 9.563635e+05
-2.890601e+02 1.072586e+02 4.300080e+01 9.499042e+05
-2.890506e+02 1.074174e+02 4.306449e+01 9.513111e+05
-2.890386e+02 1.080862e+02 4.333260e+01 9.572338e+05
-2.890246e+02 1.074931e+02 4.309483e+01 9.519814e+05
-2.890107e+02 1.075459e+02 4.311599e+01 9.524487e+05
-2.889963e+02 1.076015e+02 4.313829e+01 9.529414e+05
-2.889810e+02 1.070242e+02 4.290683e+01 9.478283e+05
-2.889652e+02 1.072098e+02 4.298126e+01 9.494725e+05
-2.889477e+02 1.067782e+02 4.280823e+01 9.456503e+05
-2.889281e+02 1.076087e+02 4.314116e+01 9.530049e+05
-2.889081e+02 1.074722e+02 4.308646e+01 9.517965e+05
-2.888878e+02 1.070906e+02 4.293348e+01 9.484170e+05
-2.888668e+02 1.070206e+02 4.290541e+01 9.477970e+05
-2.888444e+02 1.067962e+02 4.281542e+01 9.458090e+05
-2.888212e+02 1.075488e+02 4.311717e+01 9.524749e+05
-2.887983e+02 1.075096e+02 4.310146e+01 9.521277e+05
-2.887749e+02 1.068757e+02 4.284730e+01 9.465133e+05
-2.887504e+02 1.071280e+02 4.294847e+01 9.487481e+05
-2.887258e+02 1.076867e+02 4.317243e+01 9.536955e+05
-2.887016e+02 1.067024e+02 4.277782e+01 9.449785e+05
-2.886768e+02 1.061577e+02 4.255945e+01 9.401546e+05
-2.886513e+02 1.064044e+02 4.265837e+01 9.423397e+05
-2.886258e+02 1.057759e+02 4.240639e+01 9.367735e+05
-2.885997e+02 1.050636e+02 4.212081e+01 9.304648e+05
-2.885730e+02 1.043333e+02 4.182804e+01 9.239974e+05
-2.885464e+02 1.045007e+02 4.189517e+01 9.254803e+05
-2.885192e+02 1.046762e+02 4.196552e+01 9.270344e+05
-2.884911e+02 1.048493e+02 4.203491e+01 9.285672e+05
-2.884628e+02 1.053569e+02 4.223841e+01 9.330628e+05
-2.884343e+02 1.053713e+02 4.224418e+01 9.331902e+05
-2.884051e+02 1.047796e+02 4.200697e+01 9.279502e+05
-2.883753e+02 1.036418e+02 4.155083e+01 9.178737e+05
-2.883443e+02 1.030078e+02 4.129663e+01 9.122584e+05
-2.883120e+02 1.033486e+02 4.143325e+01 9.152763e+05
-2.882798e+02 1.034095e+02 4.145768e+01 9.158160e+05
-2.882481e+02 1.038731e+02 4.164354e+01 9.199218e+05
-2.882165e+02 1.034904e+02 4.149013e+01 9.165329e+05
-2.881854e+02 1.032406e+02 4.138998e+01 9.143205e+05
-2.881535e+02 1.029299e+02 4.126542e+01 9.115689e+05
-2.881215e+02 1.024979e+02 4.109222e+01 9.077428e+05
-2.880897e+02 1.024748e+02 4.108297e+01 9.075386e+05
-2.880577e+02 1.026201e+02 4.114119e+01 9.088246e+05
-2.880254e+02 1.023830e+02 4.104616e+01 9.067254e+05
-2.879931e+02 1.023028e+02 4.101401e+01 9.060152e+05
-2.879597e+02 1.027691e+02 4.120094e+01 9.101447e+05
-2.879245e+02 1.029888e+02 4.128902e+01 9.120904e+05
-2.878885e+02 1.029343e+02 4.126718e+01 9.116079e+05
-2.878529e+02 1.030462e+02 4.131203e+01 9.125986e+05
-2.878179e+02 1.032012e+02 4.137415e+01 9.139709e+05
-2.877820e+02 1.036456e+02 4.155234e+01 9.179071e+05
-2.877455e+02 1.032528e+02 4.139484e+01 9.144279e+05
-2.877087e+02 1.040063e+02 4.169695e+01 9.211015e+05
-2.876717e+02 1.034923e+02 4.149086e+01 9.165491e+05
-2.876347e+02 1.039129e+02 4.165952e+01 9.202747e+05
-2.875968e+02 1.042577e+02 4.179771e+01 9.233276e+05
-2.875577e+02 1.037887e+02 4.160971e+01 9.191745e+05
-2.875169e+02 1.033106e+02 4.141804e+01 9.149404e+05
-2.874743e+02 1.033439e+02 4.143139e+01 9.152354e+05
-2.874311e+02 1.036627e+02 4.155917e+01 9.180581e+05
-2.873880e+02 1.041446e+02 4.175238e+01 9.223262e+05
-2.873445e+02 1.052238e+02 4.218504e+01 9.318837e+05
-2.873001e+02 1.054223e+02 4.226463e+01 9.336419e+05
-2.872552e+02 1.055468e+02 4.231455e+01 9.347447e+05
-2.872105e+02 1.046078e+02 4.193809e+01 9.264286e+05
-2.871659e+02 1.043444e+02 4.183247e+01 9.240954e+05
-2.871207e+02 1.041872e+02 4.176946e+01 9.227035e+05
-2.870750e+02 1.045477e+02 4.191401e+01 9.258965e+05
-2.870296e+02 1.047824e+02 4.200810e+01 9.279751e+05
-2.869841e+02 1.046067e+02 4.193767e+01 9.264191e+05
-2.869384e+02 1.041688e+02 4.176208e+01 9.225403e+05
-2.868919e+02 1.049247e+02 4.206513e+01 9.292348e+05
-2.868441e+02 1.050307e+02 4.210763e+01 9.301736e+05
-2.867952e+02 1.051544e+02 4.215720e+01 9.312688e+05
-2.867448e+02 1.050323e+02 4.210827e+01 9.301877e+05
-2.866940e+02 1.048459e+02 4.203355e+01 9.285372e+05
-2.866425e+02 1.046464e+02 4.195357e+01 9.267705e+05
-2.865911e+02 1.045097e+02 4.189878e+01 9.255601e+05
-2.865398e+02 1.047851e+02 4.200917e+01 9.279988e+05
-2.864872e+02 1.048383e+02 4.203049e+01 9.284697e+05
-2.864344e+02 1.044545e+02 4.187661e+01 9.250705e+05
-2.863810e+02 1.047432e+02 4.199237e+01 9.276276e+05
-2.863263e+02 1.046956e+02 4.197330e+01 9.272062e+05
-2.862705e+02 1.041384e+02 4.174991e+01 9.222715e+05
-2.862142e+02 1.042081e+02 4.177785e+01 9.228888e+05
-2.861577e+02 1.042200e+02 4.178260e+01 9.229936e+05
-2.861010e+02 1.040805e+02 4.172667e+01 9.217582e+05
-2.860430e+02 1.037698e+02 4.160215e+01 9.190074e+05
-2.859831e+02 1.048451e+02 4.203323e+01 9.285302e+05
-2.859214e+02 1.051212e+02 4.214390e+01 9.309750e+05
-2.858582e+02 1.046314e+02 4.194756e+01 9.266378e+05
-2.857942e+02 1.044854e+02 4.188900e+01 9.253442e+05
-2.857293e+02 1.047713e+02 4.200363e+01 9.278763e+05
-2.856636e+02 1.039470e+02 4.167317e+01 9.205764e+05
-2.855970e+02 1.041663e+02 4.176111e+01 9.225189e+05
-2.855291e+02 1.051575e+02 4.215845e+01 9.312964e+05
-2.854604e+02 1.054416e+02 4.227237e+01 9.338129e+05
-2.853906e+02 1.058986e+02 4.245560e+01 9.378605e+05
-2.853206e+02 1.055699e+02 4.232381e+01 9.349492e+05
-2.852506e+02 1.050624e+02 4.212035e+01 9.304546e+05
-2.851790e+02 1.047226e+02 4.198410e+01 9.274450e+05
-2.851064e+02 1.043537e+02 4.183624e+01 9.241785e+05
-2.850338e+02 1.044314e+02 4.186736e+01 9.248660e+05
-2.849600e+02 1.044640e+02 4.188045e+01 9.251552e+05
-2.848850e+02 1.036921e+02 4.157097e+01 9.183187e+05
-2.848090e+02 1.042733e+02 4.180399e+01 9.234663e+05
-2.847323e+02 1.050252e+02 4.210544e+01 9.301254e+05
-2.846553e+02 1.050691e+02 4.212301e+01 9.305136e+05
-2.845777e+02 1.043347e+02 4.182861e+01 9.240102e+05
-2.844996e+02 1.040585e+02 4.171787e+01 9.215638e+05
-2.844221e+02 1.040534e+02 4.171581e+01 9.215182e+05
-2.843445e+02 1.038752e+02 4.164439e+01 9.199405e+05
-2.842665e+02 1.038390e+02 4.162987e+01 9.196198e+05
-2.841874e+02 1.044294e+02 4.186655e+01 9.248483e+05
-2.841074e+02 1.040052e+02 4.169649e+01 9.210915e+05
-2.840273e+02 1.036085e+02 4.153746e+01 9.175785e+05
-2.839473e+02 1.034010e+02 4.145428e+01 9.157409e+05
-2.838675e+02 1.031370e+02 4.134844e+01 9.134029e+05
-2.837882e+02 1.040648e+02 4.172040e+01 9.216196e+05
-2.837092e+02 1.045356e+02 4.190914e+01 9.257889e+05
-2.836305e+02 1.047203e+02 4.198319e+01 9.274247e+05
-2.835526e+02 1.043727e+02 4.184382e+01 9.243461e+05
-2.834750e+02 1.037844e+02 4.160796e+01 9.191359e+05
-2.833974e+02 1.038410e+02 4.163069e+01 9.196379e+05
-2.833198e+02 1.034006e+02 4.145411e+01 9.157373e+05
-2.832425e+02 1.035584e+02 4.151738e+01 9.171349e+05
-2.831646e+02 1.030441e+02 4.131118e+01 9.125798e+05
-2.830868e+02 1.027935e+02 4.121074e+01 9.103610e+05
-2.830097e+02 1.031874e+02 4.136863e+01 9.138489e+05
-2.829330e+02 1.025436e+02 4.111052e+01 9.081472e+05
-2.828557e+02 1.023089e+02 4.101645e+01 9.060692e+05
-2.827775e+02 1.028331e+02 4.122660e+01 9.107115e+05
-2.826998e+02 1.022875e+02 4.100785e+01 9.058792e+05
-2.826235e+02 1.022999e+02 4.101285e+01 9.059895e+05
-2.825469e+02 1.020263e+02 4.090314e+01 9.035660e+05
-2.824689e+02 1.016133e+02 4.073758e+01 8.999087e+05
-2.823904e+02 1.016879e+02 4.076746e+01 9.005689e+05
-2.823129e+02 1.008671e+02 4.043840e+01 8.932997e+05
-2.822358e+02 1.011692e+02 4.055952e+01 8.959754e+05
-2.821590e+02 1.010479e+02 4.051090e+01 8.949013e+05
-2.820822e+02 1.005820e+02 4.032413e+01 8.907756e+05
-2.820053e+02 1.003228e+02 4.022020e+01 8.884797e+05
-2.819291e+02 1.000175e+02 4.009780e+01 8.857759e+05
-2.818536e+02 9.973286e+01 3.998369e+01 8.832550e+05
-2.817786e+02 9.938494e+01 3.984420e+01 8.801737e+05
-2.817034e+02 9.943542e+01 3.986444e+01 8.806208e+05
-2.816270e+02 9.946425e+01 3.987600e+01 8.808761e+05
-2.815498e+02 9.915607e+01 3.975245e+01 8.781468e+05
-2.814723e+02 9.888985e+01 3.964572e+01 8.757891e+05
-2.813944e+02 9.874054e+01 3.958586e+01 8.744668e+05
-2.813170e+02 9.854902e+01 3.950907e+01 8.727706e+05
-2.812401e+02 9.920061e+01 3.977030e+01 8.785413e+05
-2.811625e+02 1.000830e+02 4.012407e+01 8.863562e+05
-2.810840e+02 1.006830e+02 4.036460e+01 8.916694e+05
-2.810047e+02 1.014576e+02 4.067514e+01 8.985295e+05
-2.809252e+02 1.015720e+02 4.072102e+01 8.995430e+05
-2.808467e+02 1.012424e+02 4.058886e+01 8.966235e+05
-2.807690e+02 1.007963e+02 4.041005e+01 8.926734e+05
-2.806928e+02 1.007618e+02 4.039621e+01 8.923678e+05
-2.806175e+02 1.014306e+02 4.066431e+01 8.982903e+05
-2.805422e+02 1.020006e+02 4.089286e+01 9.033389e+05
-2.804656e+02 1.021385e+02 4.094811e+01 9.045595e+05
-2.803877e+02 1.021662e+02 4.095924e+01 9.048054e+05
-2.803101e+02 1.025571e+02 4.111593e+01 9.082666e+05
-2.802337e+02 1.024704e+02 4.108118e+01 9.074991e+05
-2.801589e+02 1.026034e+02 4.113450e+01 9.086769e+05
-2.800848e+02 1.027829e+02 4.120647e+01 9.102667e+05
-2.800105e+02 1.025749e+02 4.112307e+01 9.084244e+05
-2.799368e+02 1.024034e+02 4.105431e+01 9.069056e+05
-2.798634e+02 1.020726e+02 4.092173e+01 9.039766e+05
-2.797908e+02 1.021577e+02 4.095583e+01 9.047300e+05
-2.797191e+02 1.020611e+02 4.091712e+01 9.038748e+05
-2.796475e+02 1.022491e+02 4.099246e+01 9.055392e+05
-2.795759e+02 1.018548e+02 4.083440e+01 9.020477e+05
-2.795051e+02 1.019273e+02 4.086344e+01 9.026890e+05
-2.794347e+02 1.017636e+02 4.079784e+01 9.012399e+05
-2.793640e+02 1.019198e+02 4.086046e+01 9.026233e+05
-2.792940e+02 1.016071e+02 4.073510e+01 8.998539e+05
-2.792237e+02 1.017670e+02 4.079921e+01 9.012702e+05
-2.791523e+02 1.018563e+02 4.083497e+01 9.020602e+05
-2.790797e+02 1.024859e+02 4.108741e+01 9.076366e+05
-2.790062e+02 1.018304e+02 4.082463e+01 9.018317e+05
-2.789318e+02 1.017740e+02 4.080198e+01 9.013314e+05
-2.788576e+02 1.014870e+02 4.068693e+01 8.987898e+05
-2.787841e+02 1.015249e+02 4.070211e+01 8.991253e+05
-2.787119e+02 1.014339e+02 4.066567e+01 8.983202e+05
-2.786406e+02 1.009409e+02 4.046798e+01 8.939533e+05
-2.785691e+02 1.009685e+02 4.047908e+01 8.941984e+05
-2.784986e+02 1.009267e+02 4.046230e+01 8.938277e+05
-2.784294e+02 1.008829e+02 4.044475e+01 8.934401e+05
-2.783600e+02 1.002337e+02 4.018446e+01 8.876902e+05
-2.782900e+02 1.003131e+02 4.021632e+01 8.883939e+05
-2.782210e+02 1.004823e+02 4.028416e+01 8.898925e+05
-2.781529e+02 1.007038e+02 4.037294e+01 8.918538e+05
-2.780841e+02 1.012044e+02 4.057362e+01 8.962869e+05
-2.780141e+02 1.014389e+02 4.066764e+01 8.983637e+05
-2.779436e+02 1.018660e+02 4.083887e+01 9.021464e+05
-2.778726e+02 1.018490e+02 4.083206e+01 9.019958e+05
-2.778014e+02 1.026209e+02 4.114152e+01 9.088320e+05
-2.777314e+02 1.027991e+02 4.121295e+01 9.104099e+05
-2.776612e+02 1.023076e+02 4.101590e+01 9.060570e+05
-2.775905e+02 1.030868e+02 4.132829e+01 9.129579e+05
-2.775202e+02 1.033449e+02 4.143178e+01 9.152440e+05
-2.774500e+02 1.031989e+02 4.137326e+01 9.139511e+05
-2.773801e+02 1.025506e+02 4.111333e+01 9.082092e+05
-2.773118e+02 1.026032e+02 4.113442e+01 9.086751e+05
-2.772440e+02 1.028367e+02 4.122803e+01 9.107431e+05
-2.771763e+02 1.030432e+02 4.131082e+01 9.125720e+05
-2.771095e+02 1.030157e+02 4.129981e+01 9.123288e+05
-2.770431e+02 1.028271e+02 4.122418e+01 9.106580e+05
-2.769763e+02 1.026714e+02 4.116179e+01 9.092797e+05
-2.769102e+02 1.033075e+02 4.141679e+01 9.149127e+05
-2.768457e+02 1.029167e+02 4.126013e+01 9.114522e+05
-2.767815e+02 1.021830e+02 4.096597e+01 9.049539e+05
-2.767174e+02 1.025277e+02 4.110416e+01 9.080067e+05
-2.766531e+02 1.029553e+02 4.127560e+01 9.117939e+05
-2.765883e+02 1.033666e+02 4.144048e+01 9.154362e+05
-2.765242e+02 1.034584e+02 4.147729e+01 9.162493e+05
-2.764613e+02 1.033754e+02 4.144399e+01 9.155137e+05
-2.764000e+02 1.032236e+02 4.138315e+01 9.141696e+05
-2.763396e+02 1.029928e+02 4.129062e+01 9.121256e+05
-2.762781e+02 1.029928e+02 4.129060e+01 9.121253e+05
-2.762162e+02 1.024221e+02 4.106184e+01 9.070719e+05
-2.761557e+02 1.023956e+02 4.105119e+01 9.068367e+05
-2.760965e+02 1.024561e+02 4.107545e+01 9.073726e+05
-2.760381e+02 1.027982e+02 4.121261e+01 9.104024e+05
-2.759806e+02 1.030728e+02 4.132270e+01 9.128343e+05
-2.759238e+02 1.031134e+02 4.133895e+01 9.131934e+05
-2.758682e+02 1.023851e+02 4.104700e+01 9.067440e+05
-2.758130e+02 1.026429e+02 4.115035e+01 9.090269e+05
-2.757569e+02 1.021066e+02 4.093534e+01 9.042773e+05
-2.757000e+02 1.021303e+02 4.094486e+01 9.044876e+05
-2.756424e+02 1.022658e+02 4.099915e+01 9.056870e+05
-2.755839e+02 1.022302e+02 4.098489e+01 9.053719e+05
-2.755255e+02 1.016654e+02 4.075847e+01 9.003703e+05
-2.754672e+02 1.016258e+02 4.074259e+01 9.000196e+05
-2.754087e+02 1.013138e+02 4.061749e+01 8.972559e+05
-2.753503e+02 1.005377e+02 4.030635e+01 8.903827e+05
-2.752919e+02 1.007542e+02 4.039316e+01 8.923003e+05
-2.752333e+02 1.008662e+02 4.043806e+01 8.932923e+05
-2.751741e+02 1.007442e+02 4.038913e+01 8.922114e+05
-2.751150e+02 1.008296e+02 4.042336e+01 8.929676e+05
-2.750557e+02 1.006933e+02 4.036872e+01 8.917606e+05
-2.749966e+02 1.001252e+02 4.014097e+01 8.867293e+05
-2.749376e+02 1.004716e+02 4.027984e+01 8.897971e+05
-2.748788e+02 1.004116e+02 4.025582e+01 8.892665e+05
-2.748204e+02 1.004755e+02 4.028141e+01 8.898319e+05
-2.747621e+02 1.012486e+02 4.059138e+01 8.966791e+05
-2.747038e+02 1.012630e+02 4.059713e+01 8.968062e+05
-2.746458e+02 1.019424e+02 4.086949e+01 9.028227e+05
-2.745880e+02 1.026484e+02 4.115255e+01 9.090756e+05
-2.745302e+02 1.025397e+02 4.110896e+01 9.081126e+05
-2.744723e+02 1.024197e+02 4.106085e+01 9.070499e+05
-2.744148e+02 1.021204e+02 4.094087e+01 9.043996e+05
-2.743569e+02 1.015913e+02 4.072874e+01 8.997135e+05
-2.742984e+02 1.016068e+02 4.073495e+01 8.998506e+05
-2.742395e+02 1.011344e+02 4.054557e+01 8.956672e+05
-2.741804e+02 1.008175e+02 4.041853e+01 8.928609e+05
-2.741217e+02 1.011927e+02 4.056895e+01 8.961836e+05
-2.740626e+02 1.015699e+02 4.072016e+01 8.995240e+05
-2.740041e+02 1.018860e+02 4.084689e+01 9.023234e+05
-2.739459e+02 1.019218e+02 4.086126e+01 9.026409e+05
-2.738869e+02 1.019342e+02 4.086621e+01 9.027503e+05
-2.738283e+02 1.010453e+02 4.050984e+01 8.948778e+05
-2.737703e+02 1.008938e+02 4.044912e+01 8.935366e+05
-2.737131e+02 1.011187e+02 4.053926e+01 8.955279e+05
-2.736560e+02 1.010240e+02 4.050131e+01 8.946895e+05
-2.735977e+02 1.009991e+02 4.049133e+01 8.944691e+05
-2.735386e+02 1.015160e+02 4.069857e+01 8.990470e+05
-2.734806e+02 1.019452e+02 4.087062e+01 9.028477e+05
-2.734234e+02 1.022166e+02 4.097942e+01 9.052512e+05
-2.733666e+02 1.020692e+02 4.092034e+01 9.039459e+05
-2.733110e+02 1.016273e+02 4.074318e+01 9.000324e+05
-2.732558e+02 1.014951e+02 4.069017e+01 8.988614e+05
-2.732004e+02 1.025590e+02 4.111671e+01 9.082839e+05
-2.731449e+02 1.025549e+02 4.111507e+01 9.082476e+05
-2.730885e+02 1.026667e+02 4.115990e+01 9.092380e+05
-2.730321e+02 1.029001e+02 4.125344e+01 9.113044e+05
-2.729771e+02 1.027894e+02 4.120907e+01 9.103241e+05
-2.729235e+02 1.019029e+02 4.085366e+01 9.024729e+05
-2.728711e+02 1.020353e+02 4.090676e+01 9.036460e+05
-2.728192e+02 1.023896e+02 4.104881e+01 9.067840e+05
-2.727673e+02 1.022876e+02 4.100790e+01 9.058802e+05
-2.727154e+02 1.022719e+02 4.100162e+01 9.057416e+05
-2.726624e+02 1.022713e+02 4.100137e+01 9.057360e+05
-2.726088e+02 1.020782e+02 4.092396e+01 9.040259e+05
-2.725565e+02 1.018373e+02 4.082739e+01 9.018927e+05
-2.725052e+02 1.022012e+02 4.097327e+01 9.051152e+05
-2.724551e+02 1.016242e+02 4.074194e+01 9.000050e+05
-2.724060e+02 1.015755e+02 4.072241e+01 8.995736e+05
-2.723574e+02 1.009597e+02 4.047554e+01 8.941203e+05
-2.723099e+02 1.006812e+02 4.036388e+01 8.916535e+05
-2.722625e+02 1.007954e+02 4.040968e+01 8.926654e+05
-2.722149e+02 1.005719e+02 4.032007e+01 8.906858e+05
-2.721673e+02 1.007862e+02 4.040600e+01 8.925839e+05
-2.721201e+02 1.002846e+02 4.020488e+01 8.881412e+05
-2.720736e+02 1.005908e+02 4.032765e+01 8.908532e+05
-2.720264e+02 1.010396e+02 4.050759e+01 8.948281e+05
-2.719787e+02 1.017642e+02 4.079806e+01 9.012449e+05
-2.719314e+02 1.016335e+02 4.074568e+01 9.000876e+05
-2.718844e+02 1.010322e+02 4.050460e+01 8.947621e+05
-2.718380e+02 1.004319e+02 4.026392e+01 8.894455e+05
-2.717924e+02 1.005763e+02 4.032185e+01 8.907251e+05
-2.717478e+02 9.924143e+01 3.978667e+01 8.789028e+05
-2.717033e+02 9.925515e+01 3.979217e+01 8.790243e+05
-2.716582e+02 9.987486e+01 4.004062e+01 8.845126e+05
-2.716123e+02 9.981560e+01 4.001686e+01 8.839878e+05
-2.715666e+02 1.001190e+02 4.013851e+01 8.866751e+05
-2.715221e+02 1.002551e+02 4.019305e+01 8.878800e+05
-2.714776e+02 1.001915e+02 4.016758e+01 8.873172e+05
-2.714329e+02 1.001378e+02 4.014604e+01 8.868414e+05
-2.713893e+02 1.001058e+02 4.013319e+01 8.865575e+05
-2.713459e+02 1.011108e+02 4.053612e+01 8.954586e+05
-2.713013e+02 1.007531e+02 4.039269e+01 8.922900e+05
-2.712557e+02 1.007323e+02 4.038436e+01 8.921061e+05
-2.712086e+02 1.008992e+02 4.045130e+01 8.935847e+05
-2.711604e+02 1.008193e+02 4.041926e+01 8.928769e+05
-2.711123e+02 1.003727e+02 4.024019e+01 8.889213e+05
-2.710637e+02 1.001801e+02 4.016300e+01 8.872160e+05
-2.710147e+02 1.006971e+02 4.037026e+01 8.917946e+05
-2.709670e+02 1.012659e+02 4.059831e+01 8.968323e+05
-2.709194e+02 1.016740e+02 4.076192e+01 9.004465e+05
-2.708704e+02 1.014646e+02 4.067797e+01 8.985919e+05
-2.708206e+02 1.013794e+02 4.064380e+01 8.978371e+05
-2.707711e+02 1.016770e+02 4.076313e+01 9.004731e+05
-2.707221e+02 1.013274e+02 4.062293e+01 8.973761e+05
-2.706743e+02 1.012618e+02 4.059666e+01 8.967958e+05
-2.706272e+02 1.015889e+02 4.072777e+01 8.996921e+05
-2.705796e+02 1.015350e+02 4.070618e+01 8.992152e+05
-2.705314e+02 1.023651e+02 4.103896e+01 9.065665e+05
-2.704826e+02 1.018252e+02 4.082251e+01 9.017850e+05
-2.704345e+02 1.012411e+02 4.058834e+01 8.966120e+05
-2.703865e+02 1.007657e+02 4.039775e+01 8.924019e+05
-2.703381e+02 1.004037e+02 4.025261e+01 8.891957e+05
-2.702895e+02 1.006471e+02 4.035023e+01 8.913521e+05
-2.702407e+02 1.003878e+02 4.024627e+01 8.890555e+05
-2.701913e+02 1.010091e+02 4.049536e+01 8.945580e+05
-2.701416e+02 1.003832e+02 4.024442e+01 8.890148e+05
-2.700919e+02 1.006524e+02 4.035234e+01 8.913987e+05
-2.700427e+02 1.008513e+02 4.043207e+01 8.931599e+05
-2.699941e+02 1.003903e+02 4.024727e+01 8.890777e+05
-2.699446e+02 1.009331e+02 4.046486e+01 8.938843e+05
-2.698945e+02 1.008019e+02 4.041228e+01 8.927227e+05
-2.698450e+02 1.000453e+02 4.010894e+01 8.860219e+05
-2.697959e+02 9.997097e+01 4.007915e+01 8.853638e+05
-2.697475e+02 1.001835e+02 4.016433e+01 8.872455e+05
-2.696998e+02 1.002545e+02 4.019283e+01 8.878750e+05
-2.696528e+02 1.001642e+02 4.015660e+01 8.870747e+05
-2.696067e+02 1.001142e+02 4.013659e+01 8.866326e+05
-2.695611e+02 1.010780e+02 4.052298e+01 8.951682e+05
-2.695157e+02 1.012689e+02 4.059949e+01 8.968583e+05
-2.694697e+02 1.012530e+02 4.059313e+01 8.967179e+05
-2.694230e+02 1.010649e+02 4.051771e+01 8.950517e+05
-2.693763e+02 1.009353e+02 4.046575e+01 8.939040e+05
-2.693298e+02 1.007812e+02 4.040397e+01 8.925392e+05
-2.692833e+02 1.005164e+02 4.029780e+01 8.901939e+05
-2.692363e+02 1.004561e+02 4.027364e+01 8.896602e+05
-2.691885e+02 1.004494e+02 4.027097e+01 8.896012e+05
-2.691401e+02 1.007816e+02 4.040414e+01 8.925431e+05
-2.690916e+02 1.002708e+02 4.019937e+01 8.880195e+05
-2.690430e+02 1.003985e+02 4.025055e+01 8.891500e+05
-2.689950e+02 1.005383e+02 4.030659e+01 8.903881e+05
-2.689469e+02 1.011640e+02 4.055745e+01 8.959297e+05
-2.688982e+02 1.010823e+02 4.052468e+01 8.952057e+05
-2.688490e+02 1.005071e+02 4.029410e+01 8.901122e+05
-2.687997e+02 1.007832e+02 4.040478e+01 8.925572e+05
-2.687521e+02 1.003374e+02 4.022606e+01 8.886092e+05
-2.687060e+02 1.007683e+02 4.039882e+01 8.924254e+05
-2.686607e+02 1.004524e+02 4.027215e+01 8.896272e+05
-2.686165e+02 1.004068e+02 4.025389e+01 8.892239e+05
-2.685722e+02 1.008362e+02 4.042603e+01 8.930265e+05
-2.685281e+02 1.016503e+02 4.075239e+01 9.002360e+05
-2.684850e+02 1.014267e+02 4.066275e+01 8.982558e+05
-2.684413e+02 1.016751e+02 4.076235e+01 9.004561e+05
-2.683979e+02 1.012104e+02 4.057606e+01 8.963408e+05
-2.683552e+02 1.013079e+02 4.061511e+01 8.972034e+05
-2.683117e+02 1.006287e+02 4.034284e+01 8.911888e+05
-2.682670e+02 1.004549e+02 4.027315e+01 8.896494e+05
-2.682226e+02 1.002340e+02 4.018461e+01 8.876935e+05
-2.681789e+02 1.010970e+02 4.053057e+01 8.953359e+05
-2.681344e+02 1.008987e+02 4.045106e+01 8.935795e+05
-2.680887e+02 1.009899e+02 4.048766e+01 8.943879e+05
-2.680431e+02 1.005043e+02 4.029296e+01 8.900871e+05
-2.679983e+02 1.003665e+02 4.023773e+01 8.888670e+05
-2.679536e+02 9.975631e+01 3.999309e+01 8.834627e+05
-2.679085e+02 1.001377e+02 4.014599e+01 8.868403e+05
-2.678641e+02 9.925065e+01 3.979037e+01 8.789844e+05
-2.678205e+02 9.981395e+01 4.001620e+01 8.839732e+05
-2.677767e+02 9.904670e+01 3.970860e+01 8.771782e+05
-2.677316e+02 9.896794e+01 3.967702e+01 8.764807e+05
-2.676859e+02 9.934693e+01 3.982897e+01 8.798372e+05
-2.676383e+02 9.920865e+01 3.977353e+01 8.786125e+05
-2.675898e+02 9.905424e+01 3.971162e+01 8.772449e+05
-2.675420e+02 9.858404e+01 3.952312e+01 8.730808e+05
-2.674944e+02 9.851945e+01 3.949722e+01 8.725088e+05
-2.674480e+02 9.825026e+01 3.938930e+01 8.701248e+05
-2.674025e+02 9.886074e+01 3.963405e+01 8.755313e+05
-2.673567e+02 9.914854e+01 3.974943e+01 8.780801e+05
-2.673108e+02 9.916712e+01 3.975688e+01 8.782447e+05
-2.672650e+02 9.877259e+01 3.959871e+01 8.747507e+05
-2.672197e+02 9.907635e+01 3.972049e+01 8.774408e+05
-2.671753e+02 9.924464e+01 3.978796e+01 8.789312e+05
-2.671316e+02 9.999229e+01 4.008769e+01 8.855526e+05
-2.670882e+02 1.001728e+02 4.016007e+01 8.871513e+05
-2.670461e+02 9.990500e+01 4.005270e+01 8.847795e+05
-2.670061e+02 9.978121e+01 4.000307e+01 8.836832e+05
-2.669673e+02 9.927229e+01 3.979904e+01 8.791761e+05
-2.669287e+02 9.947628e+01 3.988082e+01 8.809826e+05
-2.668901e+02 9.961905e+01 3.993806e+01 8.822470e+05
-2.668520e+02 1.001045e+02 4.013267e+01 8.865462e+05
-2.668143e+02 9.994856e+01 4.007016e+01 8.851653e+05
-2.667771e+02 9.986400e+01 4.003626e+01 8.844164e+05
-2.667408e+02 1.000608e+02 4.011515e+01 8.861591e+05
-2.667052e+02 9.920343e+01 3.977143e+01 8.785662e+05
-2.666696e+02 9.889207e+01 3.964661e+01 8.758088e+05
-2.666346e+02 9.875790e+01 3.959282e+01 8.746206e+05
-2.666000e+02 9.899794e+01 3.968905e+01 8.767464e+05
-2.665650e+02 9.914569e+01 3.974828e+01 8.780549e+05
-2.665307e+02 9.871561e+01 3.957586e+01 8.742460e+05
-2.664969e+02 9.943419e+01 3.986395e+01 8.806099e+05
-2.664632e+02 1.000105e+02 4.009500e+01 8.857140e+05
-2.664286e+02 9.994773e+01 4.006983e+01 8.851579e+05
-2.663943e+02 9.986160e+01 4.003530e+01 8.843952e+05
-2.663624e+02 1.001636e+02 4.015636e+01 8.870695e+05
-2.663319e+02 9.967222e+01 3.995937e+01 8.827179e+05
-2.663018e+02 9.967805e+01 3.996171e+01 8.827695e+05
-2.662716e+02 1.007675e+02 4.039847e+01 8.924177e+05
-2.662411e+02 1.003307e+02 4.022336e+01 8.885494e+05
-2.662112e+02 1.003153e+02 4.021718e+01 8.884130e+05
-2.661823e+02 1.009061e+02 4.045407e+01 8.936459e+05
-2.661543e+02 1.015235e+02 4.070158e+01 8.991135e+05
-2.661268e+02 1.013585e+02 4.063543e+01 8.976522e+05
-2.660993e+02 1.018483e+02 4.083177e+01 9.019895e+05
-2.660713e+02 1.025034e+02 4.109443e+01 9.077918e+05
-2.660432e+02 1.021776e+02 4.096381e+01 9.049063e+05
-2.660151e+02 1.018581e+02 4.083573e+01 9.020770e+05
-2.659863e+02 1.018902e+02 4.084858e+01 9.023608e+05
-2.659577e+02 1.019847e+02 4.088646e+01 9.031977e+05
-2.659294e+02 1.016767e+02 4.076300e+01 9.004704e+05
-2.659016e+02 1.010391e+02 4.050739e+01 8.948237e+05
-2.658747e+02 1.014507e+02 4.067240e+01 8.984690e+05
-2.658499e+02 1.016321e+02 4.074511e+01 9.000751e+05
-2.658272e+02 1.017956e+02 4.081067e+01 9.015234e+05
-2.658053e+02 1.018564e+02 4.083504e+01 9.020616e+05
-2.657840e+02 1.009067e+02 4.045428e+01 8.936505e+05
-2.657630e+02 1.010592e+02 4.051542e+01 8.950011e+05
-2.657422e+02 1.008259e+02 4.042188e+01 8.929348e+05
-2.657217e+02 1.012592e+02 4.059562e+01 8.967728e+05
-2.657014e+02 1.007670e+02 4.039829e+01 8.924137e+05
-2.656815e+02 1.001827e+02 4.016401e+01 8.872384e+05
-2.656627e+02 9.967942e+01 3.996226e+01 8.827817e+05
-2.656460e+02 9.914083e+01 3.974634e+01 8.780118e+05
-2.656304e+02 9.963900e+01 3.994606e+01 8.824238e+05
-2.656143e+02 9.980726e+01 4.001352e+01 8.839139e+05
-2.655993e+02 1.002229e+02 4.018014e+01 8.875946e+05
-2.655859e+02 1.001653e+02 4.015707e+01 8.870850e+05
-2.655729e+02 1.001988e+02 4.017050e+01 8.873818e+05
-2.655611e+02 1.002013e+02 4.017148e+01 8.874035e+05
-2.655511e+02 1.001585e+02 4.015432e+01 8.870244e+05
-2.655432e+02 1.011911e+02 4.056830e+01 8.961694e+05
-2.655371e+02 1.009717e+02 4.048035e+01 8.942264e+05
-2.655307e+02 1.012400e+02 4.058792e+01 8.966028e+05
-2.655245e+02 1.006202e+02 4.033941e+01 8.911131e+05
-2.655189e+02 1.004895e+02 4.028705e+01 8.899563e+05
-2.655137e+02 1.009057e+02 4.045391e+01 8.936423e+05
-2.655088e+02 1.005125e+02 4.029625e+01 8.901597e+05
-2.655037e+02 1.007642e+02 4.039716e+01 8.923887e+05
-2.654986e+02 1.004324e+02 4.026413e+01 8.894502e+05
-2.654938e+02 1.005695e+02 4.031912e+01 8.906649e+05
-2.654897e+02 1.009587e+02 4.047515e+01 8.941117e+05
-2.654855e+02 1.006848e+02 4.036534e+01 8.916859e+05
-2.654806e+02 1.008423e+02 4.042848e+01 8.930808e+05
-2.654749e+02 1.008126e+02 4.041655e+01 8.928171e+05
-2.654691e+02 1.011883e+02 4.056719e+01 8.961447e+05
-2.654637e+02 1.016751e+02 4.076234e+01 9.004558e+05
-2.654590e+02 1.018001e+02 4.081245e+01 9.015627e+05
-2.654553e+02 1.015553e+02 4.071431e+01 8.993947e+05
-2.654518e+02 1.011581e+02 4.055510e+01 8.958776e+05
-2.654483e+02 1.013644e+02 4.063780e+01 8.977046e+05
-2.654443e+02 1.013892e+02 4.064771e+01 8.979235e+05
-2.654400e+02 1.015166e+02 4.069882e+01 8.990525e+05
-2.654366e+02 1.021165e+02 4.093932e+01 9.043653e+05
-2.654350e+02 1.033257e+02 4.142410e+01 9.150742e+05
-2.654343e+02 1.032488e+02 4.139325e+01 9.143928e+05
-2.654339e+02 1.034381e+02 4.146913e+01 9.160691e+05
-2.654337e+02 1.036738e+02 4.156366e+01 9.181572e+05
-2.654337e+02 1.040483e+02 4.171378e+01 9.214734e+05
-2.654340e+02 1.035051e+02 4.149603e+01 9.166631e+05
-2.654344e+02 1.035156e+02 4.150022e+01 9.167559e+05
-2.654350e+02 1.034060e+02 4.145629e+01 9.157855e+05
-2.654359e+02 1.031577e+02 4.135674e+01 9.135863e+05
-2.654374e+02 1.033044e+02 4.141553e+01 9.148851e+05
-2.654397e+02 1.030724e+02 4.132254e+01 9.128309e+05
-2.654436e+02 1.029815e+02 4.128607e+01 9.120252e+05
-2.654488e+02 1.035276e+02 4.150502e+01 9.168618e+05
-2.654530e+02 1.042225e+02 4.178361e+01 9.230160e+05
-2.654580e+02 1.041243e+02 4.174424e+01 9.221464e+05
-2.654652e+02 1.039588e+02 4.167791e+01 9.206811e+05
-2.654741e+02 1.047385e+02 4.199050e+01 9.275863e+05
-2.654842e+02 1.049643e+02 4.208101e+01 9.295857e+05
-2.654954e+02 1.046895e+02 4.197086e+01 9.271524e+05
-2.655073e+02 1.053523e+02 4.223656e+01 9.330218e+05
-2.655183e+02 1.054453e+02 4.227383e+01 9.338451e+05
-2.655281e+02 1.057458e+02 4.239434e+01 9.365072e+05
-2.655380e+02 1.054776e+02 4.228681e+01 9.341318e+05
-2.655478e+02 1.046944e+02 4.197281e+01 9.271955e+05
-2.655574e+02 1.045361e+02 4.190936e+01 9.257938e+05
-2.655675e+02 1.043695e+02 4.184257e+01 9.243184e+05
-2.655778e+02 1.050348e+02 4.210926e+01 9.302098e+05
-2.655874e+02 1.054571e+02 4.227858e+01 9.339501e+05
-2.655967e+02 1.059932e+02 4.249350e+01 9.386978e+05
-2.656066e+02 1.058868e+02 4.245085e+01 9.377557e+05
-2.656176e+02 1.062089e+02 4.257997e+01 9.406079e+05
-2.656287e+02 1.057000e+02 4.237596e+01 9.361011e+05
-2.656393e+02 1.053050e+02 4.221759e+01 9.326029e+05
-2.656501e+02 1.056953e+02 4.237407e+01 9.360595e+05
-2.656612e+02 1.059921e+02 4.249306e+01 9.386880e+05
-2.656726e+02 1.059325e+02 4.246917e+01 9.381603e+05
-2.656837e+02 1.064414e+02 4.267320e+01 9.426673e+05
-2.656954e+02 1.064610e+02 4.268105e+01 9.428408e+05
-2.657074e+02 1.069079e+02 4.286022e+01 9.467987e+05
-2.657194e+02 1.066294e+02 4.274858e+01 9.443326e+05
-2.657309e+02 1.062643e+02 4.260218e+01 9.410986e+05
-2.657411e+02 1.058859e+02 4.245049e+01 9.377476e+05
-2.657511e+02 1.065499e+02 4.271670e+01 9.436282e+05
-2.657612e+02 1.068334e+02 4.283033e+01 9.461384e+05
-2.657721e+02 1.063058e+02 4.261882e+01 9.414661e+05
-2.657831e+02 1.063208e+02 4.262484e+01 9.415990e+05
-2.657941e+02 1.061484e+02 4.255572e+01 9.400723e+05
-2.658057e+02 1.057187e+02 4.238345e+01 9.362668e+05
-2.658175e+02 1.055521e+02 4.231665e+01 9.347910e+05
-2.658294e+02 1.062875e+02 4.261150e+01 9.413044e+05
-2.658404e+02 1.055393e+02 4.231154e+01 9.346781e+05
-2.658504e+02 1.055569e+02 4.231858e+01 9.348337e+05
-2.658593e+02 1.061706e+02 4.256464e+01 9.402692e+05
-2.658668e+02 1.060700e+02 4.252430e+01 9.393781e+05
-2.658742e+02 1.066801e+02 4.276887e+01 9.447808e+05
-2.658809e+02 1.068314e+02 4.282956e+01 9.461214e+05
-2.658865e+02 1.067783e+02 4.280827e+01 9.456512e+05
-2.658903e+02 1.068271e+02 4.282784e+01 9.460835e+05
-2.658921e+02 1.072087e+02 4.298080e+01 9.494623e+05
-2.658946e+02 1.073142e+02 4.302312e+01 9.503972e+05
-2.658990e+02 1.072700e+02 4.300540e+01 9.500059e+05
-2.659034e+02 1.073168e+02 4.302415e+01 9.504201e+05
-2.659067e+02 1.069704e+02 4.288527e+01 9.473520e+05
-2.659105e+02 1.071298e+02 4.294918e+01 9.487638e+05
-2.659155e+02 1.070329e+02 4.291032e+01 9.479054e+05
-2.659214e+02 1.072569e+02 4.300013e+01 9.498894e+05
-2.659271e+02 1.073946e+02 4.305534e+01 9.511091e+05
-2.659323e+02 1.071427e+02 4.295436e+01 9.488783e+05
-2.659379e+02 1.072820e+02 4.301020e+01 9.501118e+05
-2.659436e+02 1.068741e+02 4.284666e+01 9.464993e+05
-2.659494e+02 1.072223e+02 4.298626e+01 9.495829e+05
-2.659544e+02 1.073970e+02 4.305632e+01 9.511306e+05
-2.659586e+02 1.072824e+02 4.301035e+01 9.501152e+05
-2.659631e+02 1.065694e+02 4.272452e+01 9.438012e+05
-2.659670e+02 1.070589e+02 4.292076e+01 9.481361e+05
-2.659703e+02 1.070239e+02 4.290671e+01 9.478257e+05
-2.659746e+02 1.070767e+02 4.292790e+01 9.482937e+05
-2.659784e+02 1.070739e+02 4.292676e+01 9.482687e+05
-2.659805e+02 1.065697e+02 4.272462e+01 9.438033e+05
-2.659824e+02 1.069991e+02 4.289679e+01 9.476065e+05
-2.659848e+02 1.068535e+02 4.283841e+01 9.463170e+05
-2.659866e+02 1.072626e+02 4.300241e+01 9.499398e+05
-2.659874e+02 1.057775e+02 4.240702e+01 9.367874e+05
-2.659879e+02 1.056223e+02 4.234479e+01 9.354128e+05
-2.659881e+02 1.054677e+02 4.228284e+01 9.340442e+05
-2.659887e+02 1.060520e+02 4.251708e+01 9.392187e+05
-2.659894e+02 1.050000e+02 4.209533e+01 9.299020e+05
-2.659886e+02 1.045724e+02 4.192390e+01 9.261150e+05
-2.659860e+02 1.051823e+02 4.216842e+01 9.315166e+05
-2.659831e+02 1.054527e+02 4.227683e+01 9.339114e+05
-2.659803e+02 1.056743e+02 4.236564e+01 9.358732e+05
-2.659793e+02 1.050671e+02 4.212221e+01 9.304958e+05
-2.659809e+02 1.053039e+02 4.221717e+01 9.325935e+05
-2.659833e+02 1.053690e+02 4.224327e+01 9.331701e+05
-2.659870e+02 1.050337e+02 4.210883e+01 9.302003e+05
-2.659926e+02 1.048618e+02 4.203991e+01 9.286777e+05
-2.659990e+02 1.048484e+02 4.203453e+01 9.285589e+05
-2.660058e+02 1.049199e+02 4.206321e+01 9.291924e+05
-2.660128e+02 1.052882e+02 4.221086e+01 9.324542e+05
-2.660194e+02 1.052560e+02 4.219795e+01 9.321689e+05
-2.660262e+02 1.053665e+02 4.224226e+01 9.331478e+05
-2.660346e+02 1.051496e+02 4.215530e+01 9.312268e+05
-2.660447e+02 1.055193e+02 4.230353e+01 9.345013e+05
-2.660563e+02 1.051209e+02 4.214380e+01 9.309727e+05
-2.660687e+02 1.046544e+02 4.195676e+01 9.268409e+05
-2.660806e+02 1.051653e+02 4.216158e+01 9.313654e+05
-2.660930e+02 1.052863e+02 4.221010e+01 9.324373e+05
-2.661072e+02 1.058803e+02 4.244824e+01 9.376979e+05
-2.661224e+02 1.056053e+02 4.233801e+01 9.352629e+05
-2.661389e+02 1.061450e+02 4.255436e+01 9.400421e+05
-2.661553e+02 1.062489e+02 4.259603e+01 9.409627e+05
-2.661708e+02 1.059051e+02 4.245818e+01 9.379175e+05
-2.661865e+02 1.056969e+02 4.237470e+01 9.360734e+05
-2.662030e+02 1.052505e+02 4.219573e+01 9.321199e+05
-2.662196e+02 1.052391e+02 4.219117e+01 9.320192e+05
-2.662369e+02 1.052511e+02 4.219601e+01 9.321260e+05
-2.662548e+02 1.049535e+02 4.207668e+01 9.294901e+05
-2.662728e+02 1.050397e+02 4.211124e+01 9.302534e+05
-2.662906e+02 1.049757e+02 4.208556e+01 9.296863e+05
-2.663084e+02 1.046178e+02 4.194210e+01 9.265172e+05
-2.663259e+02 1.044507e+02 4.187510e+01 9.250371e+05
-2.663437e+02 1.049261e+02 4.206569e+01 9.292472e+05
-2.663618e+02 1.052701e+02 4.220361e+01 9.322940e+05
-2.663779e+02 1.045813e+02 4.192748e+01 9.261942e+05
-2.663923e+02 1.035628e+02 4.151915e+01 9.171739e+05
-2.664068e+02 1.033190e+02 4.142138e+01 9.150142e+05
-2.664210e+02 1.028007e+02 4.121362e+01 9.104247e+05
-2.664345e+02 1.027105e+02 4.117743e+01 9.096252e+05
-2.664477e+02 1.030974e+02 4.133255e+01 9.130520e+05
-2.664606e+02 1.031634e+02 4.135900e+01 9.136363e+05
-2.664720e+02 1.037888e+02 4.160973e+01 9.191749e+05
-2.664816e+02 1.041129e+02 4.173968e+01 9.220455e+05
-2.664913e+02 1.045862e+02 4.192944e+01 9.262374e+05
-2.665015e+02 1.052041e+02 4.217715e+01 9.317094e+05
-2.665109e+02 1.047556e+02 4.199734e+01 9.277373e+05
-2.665199e+02 1.049171e+02 4.206211e+01 9.291681e+05
-2.665295e+02 1.051906e+02 4.217173e+01 9.315896e+05
-2.665389e+02 1.055057e+02 4.229806e+01 9.343804e+05
-2.665484e+02 1.055419e+02 4.231259e+01 9.347014e+05
-2.665586e+02 1.051953e+02 4.217363e+01 9.316317e+05
-2.665695e+02 1.049912e+02 4.209181e+01 9.298242e+05
-2.665810e+02 1.052450e+02 4.219354e+01 9.320715e+05
-2.665932e+02 1.058761e+02 4.244658e+01 9.376612e+05
-2.666067e+02 1.062401e+02 4.259251e+01 9.408848e+05
-2.666216e+02 1.062511e+02 4.259691e+01 9.409820e+05
-2.666371e+02 1.060930e+02 4.253350e+01 9.395814e+05
-2.666522e+02 1.057746e+02 4.240585e+01 9.367616e+05
-2.666669e+02 1.063051e+02 4.261855e+01 9.414602e+05
-2.666804e+02 1.064183e+02 4.266393e+01 9.424625e+05
-2.666929e+02 1.068094e+02 4.282071e+01 9.459260e+05
-2.667052e+02 1.070486e+02 4.291662e+01 9.480445e+05
-2.667175e+02 1.066590e+02 4.276045e+01 9.445947e+05
-2.667307e+02 1.063360e+02 4.263093e+01 9.417337e+05
-2.667452e+02 1.068035e+02 4.281837e+01 9.458742e+05
-2.667604e+02 1.073924e+02 4.305444e+01 9.510890e+05
-2.667754e+02 1.080852e+02 4.333219e+01 9.572246e+05
-2.667907e+02 1.085936e+02 4.353602e+01 9.617275e+05
-2.668061e+02 1.078123e+02 4.322281e+01 9.548085e+05
-2.668210e+02 1.075874e+02 4.313262e+01 9.528162e+05
-2.668359e+02 1.075503e+02 4.311776e+01 9.524880e+05
-2.668503e+02 1.075933e+02 4.313498e+01 9.528684e+05
-2.668645e+02 1.077689e+02 4.320539e+01 9.544236e+05
-2.668783e+02 1.075971e+02 4.313651e+01 9.529020e+05
-2.668908e+02 1.077697e+02 4.320573e+01 9.544313e+05
-2.669025e+02 1.074649e+02 4.308353e+01 9.517316e+05
-2.669142e+02 1.066040e+02 4.273839e+01 9.441075e+05
-2.669260e+02 1.068296e+02 4.282884e+01 9.461054e+05
-2.669378e+02 1.075483e+02 4.311697e+01 9.524705e+05
-2.669497e+02 1.080058e+02 4.330039e+01 9.565221e+05
-2.669620e+02 1.073836e+02 4.305091e+01 9.510112e+05
-2.669734e+02 1.075555e+02 4.311985e+01 9.525340e+05
-2.669842e+02 1.073283e+02 4.302877e+01 9.505220e+05
-2.669943e+02 1.073037e+02 4.301890e+01 9.503040e+05
-2.670034e+02 1.069867e+02 4.289180e+01 9.474964e+05
-2.670124e+02 1.071271e+02 4.294811e+01 9.487403e+05
-2.670214e+02 1.072216e+02 4.298599e+01 9.495771e+05
-2.670308e+02 1.068284e+02 4.282835e+01 9.460948e+05
-2.670398e+02 1.074211e+02 4.306597e+01 9.513438e+05
-2.670483e+02 1.073830e+02 4.305067e+01 9.510059e+05
