#E_pot  E_kin  T  P
-2.392703e+02 1.358840e+02 5.447697e+01 1.203417e+06
-2.392612e+02 1.360300e+02 5.453551e+01 1.204710e+06
-2.392501e+02 1.350976e+02 5.416168e+01 1.196452e+06
-2.392369e+02 1.345978e+02 5.396131e+01 1.192026e+06
-2.392219e+02 1.345663e+02 5.394869e+01 1.191747e+06
-2.392051e+02 1.343333e+02 5.385525e+01 1.189683e+06
-2.391863e+02 1.346090e+02 5.396581e+01 1.192125e+06
-2.391655e+02 1.340718e+02 5.375043e+01 1.187368e+06
-2.391425e+02 1.339347e+02 5.369546e+01 1.186153e+06
-2.391176e+02 1.341848e+02 5.379576e+01 1.188369e+06
-2.390909e+02 1.342016e+02 5.380247e+01 1.188517e+06
-2.390622e+02 1.343478e+02 5.386110e+01 1.189812e+06
-2.390313e+02 1.336491e+02 5.358097e+01 1.183624e+06
-2.389984e+02 1.336686e+02 5.358881e+01 1.183797e+06
-2.389635e+02 1.337264e+02 5.361198e+01 1.184309e+06
-2.389263e+02 1.338562e+02 5.366399e+01 1.185458e+06
-2.388872e+02 1.336787e+02 5.359282e+01 1.183886e+06
-2.388464e+02 1.336575e+02 5.358434e+01 1.183699e+06
-2.388038e+02 1.331279e+02 5.337202e+01 1.179008e+06
-2.387590e+02 1.329716e+02 5.330935e+01 1.177624e+06
-2.387122e+02 1.328981e+02 5.327987e+01 1.176973e+06
-2.386634e+02 1.323571e+02 5.306300e+01 1.172182e+06
-2.386126e+02 1.324284e+02 5.309160e+01 1.172814e+06
-2.385598e+02 1.322906e+02 5.303633e+01 1.171593e+06
-2.385047e+02 1.324788e+02 5.311177e+01 1.173259e+06
-2.384476e+02 1.320298e+02 5.293180e+01 1.169284e+06
-2.383887e+02 1.315627e+02 5.274453e+01 1.165147e+06
-2.383281e+02 1.307178e+02 5.240580e+01 1.157664e+06
-2.382656e+02 1.299992e+02 5.211771e+01 1.151300e+06
-2.382014e+02 1.297715e+02 5.202640e+01 1.149283e+06
-2.381353e+02 1.303058e+02 5.224060e+01 1.154015e+06
-2.380674e+02 1.300028e+02 5.211916e+01 1.151332e+06
-2.379978e+02 1.304141e+02 5.228405e+01 1.154975e+06
-2.379264e+02 1.308681e+02 5.246607e+01 1.158996e+06
-2.378532e+02 1.300449e+02 5.213604e+01 1.151705e+06
-2.377779e+02 1.300683e+02 5.214541e+01 1.151912e+06
-2.377007e+02 1.298498e+02 5.205780e+01 1.149977e+06
-2.376214e+02 1.300518e+02 5.213878e+01 1.151766e+06
-2.375400e+02 1.298950e+02 5.207592e+01 1.150377e+06
-2.374565e+02 1.300946e+02 5.215596e+01 1.152145e+06
-2.373709e+02 1.302764e+02 5.222884e+01 1.153755e+06
-2.372832e+02 1.303129e+02 5.224346e+01 1.154078e+06
-2.371933e+02 1.302776e+02 5.222930e+01 1.153765e+06
-2.371013e+02 1.307262e+02 5.240915e+01 1.157738e+06
-2.370073e+02 1.304148e+02 5.228433e+01 1.154981e+06
-2.369114e+02 1.305297e+02 5.233037e+01 1.155998e+06
-2.368138e+02 1.299450e+02 5.209596e+01 1.150820e+06
-2.367145e+02 1.301518e+02 5.217888e+01 1.152651e+06
-2.366131e+02 1.295200e+02 5.192559e+01 1.147056e+06
-2.365096e+02 1.295343e+02 5.193133e+01 1.147183e+06
-2.364042e+02 1.295071e+02 5.192040e+01 1.146942e+06
-2.362970e+02 1.297392e+02 5.201345e+01 1.148997e+06
-2.361878e+02 1.295401e+02 5.193364e+01 1.147234e+06
-2.360767e+02 1.295166e+02 5.192422e+01 1.147026e+06
-2.359639e+02 1.306591e+02 5.238225e+01 1.157144e+06
-2.358494e+02 1.303005e+02 5.223850e+01 1.153969e+06
-2.357330e+02 1.299590e+02 5.210158e+01 1.150944e+06
-2.356143e+02 1.304743e+02 5.230816e+01 1.155507e+06
-2.354935e+02 1.296577e+02 5.198080e+01 1.148276e+06
-2.353708e+02 1.291350e+02 5.177124e+01 1.143646e+06
-2.352470e+02 1.279512e+02 5.129665e+01 1.133163e+06
-2.351218e+02 1.275566e+02 5.113846e+01 1.129668e+06
-2.349952e+02 1.271752e+02 5.098554e+01 1.126290e+06
-2.348669e+02 1.269175e+02 5.088224e+01 1.124008e+06
-2.347368e+02 1.269737e+02 5.090476e+01 1.124506e+06
-2.346049e+02 1.260158e+02 5.052071e+01 1.116022e+06
-2.344712e+02 1.265309e+02 5.072723e+01 1.120584e+06
-2.343356e+02 1.261793e+02 5.058626e+01 1.117470e+06
-2.341976e+02 1.263972e+02 5.067364e+01 1.119400e+06
-2.340572e+02 1.262225e+02 5.060358e+01 1.117853e+06
-2.339152e+02 1.266935e+02 5.079242e+01 1.122024e+06
-2.337710e+02 1.272777e+02 5.102665e+01 1.127198e+06
-2.336249e+02 1.265119e+02 5.071963e+01 1.120416e+06
-2.334774e+02 1.257606e+02 5.041842e+01 1.113762e+06
-2.333283e+02 1.252950e+02 5.023176e+01 1.109639e+06
-2.331777e+02 1.255398e+02 5.032988e+01 1.111806e+06
-2.330253e+02 1.252467e+02 5.021240e+01 1.109211e+06
-2.328714e+02 1.249489e+02 5.009298e+01 1.106573e+06
-2.327162e+02 1.244724e+02 4.990195e+01 1.102353e+06
-2.325597e+02 1.237274e+02 4.960328e+01 1.095755e+06
-2.324012e+02 1.234471e+02 4.949092e+01 1.093273e+06
-2.322413e+02 1.228155e+02 4.923771e+01 1.087680e+06
-2.320802e+02 1.235473e+02 4.953109e+01 1.094161e+06
-2.319178e+02 1.238290e+02 4.964400e+01 1.096655e+06
-2.317540e+02 1.229928e+02 4.930877e+01 1.089250e+06
-2.315889e+02 1.226062e+02 4.915379e+01 1.085826e+06
-2.314225e+02 1.222163e+02 4.899749e+01 1.082373e+06
-2.312550e+02 1.211233e+02 4.855930e+01 1.072694e+06
-2.310870e+02 1.210524e+02 4.853087e+01 1.072065e+06
-2.309175e+02 1.216001e+02 4.875043e+01 1.076916e+06
-2.307459e+02 1.212564e+02 4.861266e+01 1.073872e+06
-2.305742e+02 1.203475e+02 4.824825e+01 1.065822e+06
-2.304021e+02 1.196458e+02 4.796693e+01 1.059608e+06
-2.302285e+02 1.197014e+02 4.798924e+01 1.060101e+06
-2.300540e+02 1.202840e+02 4.822279e+01 1.065260e+06
-2.298775e+02 1.203760e+02 4.825970e+01 1.066075e+06
-2.296991e+02 1.205998e+02 4.834940e+01 1.068057e+06
-2.295195e+02 1.199943e+02 4.810667e+01 1.062695e+06
-2.293383e+02 1.207029e+02 4.839072e+01 1.068970e+06
-2.291549e+02 1.206691e+02 4.837719e+01 1.068671e+06
-2.289690e+02 1.202629e+02 4.821436e+01 1.065074e+06
-2.287814e+02 1.200840e+02 4.814260e+01 1.063489e+06
-2.285930e+02 1.197060e+02 4.799106e+01 1.060141e+06
-2.284042e+02 1.193252e+02 4.783841e+01 1.056769e+06
-2.282155e+02 1.192944e+02 4.782604e+01 1.056496e+06
-2.280265e+02 1.190641e+02 4.773373e+01 1.054456e+06
-2.278372e+02 1.191404e+02 4.776433e+01 1.055132e+06
-2.276476e+02 1.186195e+02 4.755549e+01 1.050519e+06
-2.274570e+02 1.183653e+02 4.745360e+01 1.048268e+06
-2.272660e+02 1.174935e+02 4.710407e+01 1.040547e+06
-2.270750e+02 1.170513e+02 4.692677e+01 1.036630e+06
-2.268839e+02 1.171014e+02 4.694689e+01 1.037075e+06
-2.266933e+02 1.168971e+02 4.686498e+01 1.035265e+06
-2.265040e+02 1.156910e+02 4.638144e+01 1.024584e+06
-2.263159e+02 1.150133e+02 4.610974e+01 1.018582e+06
-2.261295e+02 1.148388e+02 4.603978e+01 1.017036e+06
-2.259443e+02 1.144213e+02 4.587240e+01 1.013339e+06
-2.257591e+02 1.141402e+02 4.575972e+01 1.010850e+06
-2.255743e+02 1.130502e+02 4.532273e+01 1.001196e+06
-2.253895e+02 1.128947e+02 4.526036e+01 9.998186e+05
-2.252047e+02 1.131327e+02 4.535581e+01 1.001927e+06
-2.250207e+02 1.131094e+02 4.534644e+01 1.001720e+06
-2.248367e+02 1.134025e+02 4.546393e+01 1.004316e+06
-2.246529e+02 1.128625e+02 4.524745e+01 9.995336e+05
-2.244686e+02 1.133712e+02 4.545142e+01 1.004039e+06
-2.242832e+02 1.130644e+02 4.532841e+01 1.001322e+06
-2.240983e+02 1.130879e+02 4.533784e+01 1.001530e+06
-2.239148e+02 1.128578e+02 4.524558e+01 9.994923e+05
-2.237318e+02 1.131309e+02 4.535505e+01 1.001910e+06
-2.235481e+02 1.135362e+02 4.551755e+01 1.005500e+06
-2.233636e+02 1.135469e+02 4.552183e+01 1.005595e+06
-2.231796e+02 1.135030e+02 4.550424e+01 1.005206e+06
-2.229974e+02 1.133924e+02 4.545990e+01 1.004227e+06
-2.228167e+02 1.125550e+02 4.512418e+01 9.968104e+05
-2.226368e+02 1.125562e+02 4.512467e+01 9.968213e+05
-2.224577e+02 1.123966e+02 4.506069e+01 9.954080e+05
-2.222805e+02 1.114921e+02 4.469805e+01 9.873970e+05
-2.221053e+02 1.116883e+02 4.477672e+01 9.891349e+05
-2.219311e+02 1.119509e+02 4.488201e+01 9.914608e+05
-2.217585e+02 1.114821e+02 4.469406e+01 9.873089e+05
-2.215879e+02 1.109980e+02 4.449997e+01 9.830214e+05
-2.214189e+02 1.111564e+02 4.456348e+01 9.844245e+05
-2.212490e+02 1.109874e+02 4.449573e+01 9.829278e+05
-2.210781e+02 1.109713e+02 4.448925e+01 9.827847e+05
-2.209085e+02 1.107507e+02 4.440084e+01 9.808317e+05
-2.207402e+02 1.117403e+02 4.479757e+01 9.895954e+05
-2.205713e+02 1.122802e+02 4.501401e+01 9.943768e+05
-2.204019e+02 1.122065e+02 4.498446e+01 9.937240e+05
-2.202338e+02 1.124572e+02 4.508496e+01 9.959441e+05
-2.200667e+02 1.121560e+02 4.496422e+01 9.932770e+05
-2.199003e+02 1.117131e+02 4.478664e+01 9.893541e+05
-2.197358e+02 1.109894e+02 4.449650e+01 9.829449e+05
-2.195736e+02 1.097691e+02 4.400731e+01 9.721384e+05
-2.194130e+02 1.101366e+02 4.415463e+01 9.753927e+05
-2.192531e+02 1.101497e+02 4.415987e+01 9.755085e+05
-2.190935e+02 1.100782e+02 4.413120e+01 9.748752e+05
-2.189341e+02 1.095539e+02 4.392103e+01 9.702325e+05
-2.187763e+02 1.093033e+02 4.382054e+01 9.680126e+05
-2.186210e+02 1.093292e+02 4.383094e+01 9.682424e+05
-2.184671e+02 1.098126e+02 4.402475e+01 9.725236e+05
-2.183151e+02 1.088226e+02 4.362782e+01 9.637553e+05
-2.181645e+02 1.083364e+02 4.343292e+01 9.594500e+05
-2.180153e+02 1.080048e+02 4.329999e+01 9.565134e+05
-2.178687e+02 1.077649e+02 4.320380e+01 9.543885e+05
-2.177246e+02 1.075876e+02 4.313269e+01 9.528178e+05
-2.175827e+02 1.069363e+02 4.287160e+01 9.470501e+05
-2.174430e+02 1.072451e+02 4.299539e+01 9.497846e+05
-2.173055e+02 1.077502e+02 4.319790e+01 9.542583e+05
-2.171701e+02 1.078190e+02 4.322550e+01 9.548679e+05
-2.170362e+02 1.076690e+02 4.316533e+01 9.535387e+05
-2.169038e+02 1.071694e+02 4.296504e+01 9.491143e+05
-2.167735e+02 1.066253e+02 4.274693e+01 9.442961e+05
-2.166449e+02 1.064236e+02 4.266605e+01 9.425095e+05
-2.165194e+02 1.062667e+02 4.260316e+01 9.411201e+05
-2.163985e+02 1.051378e+02 4.215056e+01 9.311220e+05
-2.162819e+02 1.044532e+02 4.187613e+01 9.250597e+05
-2.161695e+02 1.045383e+02 4.191023e+01 9.258131e+05
-2.160625e+02 1.046357e+02 4.194926e+01 9.266752e+05
-2.159610e+02 1.049295e+02 4.206706e+01 9.292776e+05
-2.158625e+02 1.052154e+02 4.218169e+01 9.318098e+05
-2.157652e+02 1.049290e+02 4.206686e+01 9.292731e+05
-2.156688e+02 1.046160e+02 4.194137e+01 9.265011e+05
-2.155728e+02 1.051879e+02 4.217065e+01 9.315659e+05
-2.154786e+02 1.050057e+02 4.209761e+01 9.299525e+05
-2.153874e+02 1.042152e+02 4.178067e+01 9.229511e+05
-2.152984e+02 1.037637e+02 4.159970e+01 9.189533e+05
-2.152112e+02 1.043457e+02 4.183300e+01 9.241070e+05
-2.151249e+02 1.043513e+02 4.183527e+01 9.241573e+05
-2.150411e+02 1.041200e+02 4.174251e+01 9.221080e+05
-2.149615e+02 1.043856e+02 4.184899e+01 9.244603e+05
-2.148857e+02 1.044846e+02 4.188869e+01 9.253372e+05
-2.148138e+02 1.044215e+02 4.186341e+01 9.247787e+05
-2.147454e+02 1.037684e+02 4.160155e+01 9.189943e+05
-2.146808e+02 1.036327e+02 4.154716e+01 9.177927e+05
-2.146199e+02 1.035687e+02 4.152151e+01 9.172261e+05
-2.145618e+02 1.033914e+02 4.145041e+01 9.156554e+05
-2.145057e+02 1.032723e+02 4.140269e+01 9.146014e+05
-2.144502e+02 1.034231e+02 4.146315e+01 9.159368e+05
-2.143944e+02 1.033786e+02 4.144531e+01 9.155428e+05
-2.143393e+02 1.030640e+02 4.131917e+01 9.127564e+05
-2.142862e+02 1.037520e+02 4.159497e+01 9.188490e+05
-2.142361e+02 1.035985e+02 4.153346e+01 9.174900e+05
-2.141888e+02 1.038697e+02 4.164218e+01 9.198917e+05
-2.141427e+02 1.041017e+02 4.173518e+01 9.219461e+05
-2.140980e+02 1.041034e+02 4.173586e+01 9.219611e+05
-2.140564e+02 1.041142e+02 4.174022e+01 9.220575e+05
-2.140172e+02 1.032689e+02 4.140131e+01 9.145709e+05
-2.139804e+02 1.030953e+02 4.133171e+01 9.130334e+05
-2.139451e+02 1.036361e+02 4.154854e+01 9.178232e+05
-2.139113e+02 1.028807e+02 4.124569e+01 9.111331e+05
-2.138804e+02 1.028013e+02 4.121386e+01 9.104299e+05
-2.138524e+02 1.024608e+02 4.107733e+01 9.074140e+05
-2.138261e+02 1.030245e+02 4.130332e+01 9.124062e+05
-2.138010e+02 1.030951e+02 4.133162e+01 9.130313e+05
-2.137777e+02 1.036659e+02 4.156048e+01 9.180870e+05
-2.137549e+02 1.040146e+02 4.170027e+01 9.211750e+05
-2.137332e+02 1.048883e+02 4.205054e+01 9.289125e+05
-2.137141e+02 1.050981e+02 4.213466e+01 9.307707e+05
-2.136978e+02 1.054574e+02 4.227871e+01 9.339528e+05
-2.136834e+02 1.052717e+02 4.220425e+01 9.323081e+05
-2.136697e+02 1.047741e+02 4.200474e+01 9.279009e+05
-2.136577e+02 1.049476e+02 4.207430e+01 9.294374e+05
-2.136470e+02 1.055373e+02 4.231074e+01 9.346606e+05
-2.136361e+02 1.051205e+02 4.214363e+01 9.309689e+05
-2.136264e+02 1.048950e+02 4.205321e+01 9.289716e+05
-2.136182e+02 1.047374e+02 4.199004e+01 9.275762e+05
-2.136124e+02 1.049922e+02 4.209219e+01 9.298327e+05
-2.136095e+02 1.047212e+02 4.198354e+01 9.274325e+05
-2.136079e+02 1.049042e+02 4.205692e+01 9.290536e+05
-2.136084e+02 1.053221e+02 4.222444e+01 9.327541e+05
-2.136098e+02 1.058102e+02 4.242015e+01 9.370775e+05
-2.136104e+02 1.061674e+02 4.256335e+01 9.402407e+05
-2.136115e+02 1.061284e+02 4.254771e+01 9.398953e+05
-2.136135e+02 1.069733e+02 4.288645e+01 9.473780e+05
-2.136159e+02 1.071316e+02 4.294990e+01 9.487797e+05
-2.136192e+02 1.075766e+02 4.312832e+01 9.527211e+05
-2.136224e+02 1.081454e+02 4.335635e+01 9.577584e+05
-2.136267e+02 1.081632e+02 4.336350e+01 9.579163e+05
-2.136326e+02 1.080366e+02 4.331274e+01 9.567950e+05
-2.136386e+02 1.083277e+02 4.342941e+01 9.593723e+05
-2.136450e+02 1.078495e+02 4.323771e+01 9.551376e+05
-2.136521e+02 1.072570e+02 4.300017e+01 9.498904e+05
-2.136594e+02 1.068266e+02 4.282763e+01 9.460788e+05
-2.136667e+02 1.066681e+02 4.276408e+01 9.446749e+05
-2.136751e+02 1.069092e+02 4.286073e+01 9.468100e+05
-2.136834e+02 1.073421e+02 4.303429e+01 9.506440e+05
-2.136913e+02 1.069724e+02 4.288607e+01 9.473696e+05
-2.136985e+02 1.066799e+02 4.276879e+01 9.447790e+05
-2.137042e+02 1.070787e+02 4.292871e+01 9.483116e+05
-2.137116e+02 1.072849e+02 4.301137e+01 9.501377e+05
-2.137220e+02 1.074782e+02 4.308884e+01 9.518489e+05
-2.137344e+02 1.074110e+02 4.306193e+01 9.512545e+05
-2.137473e+02 1.074168e+02 4.306424e+01 9.513055e+05
-2.137601e+02 1.073445e+02 4.303527e+01 9.506655e+05
-2.137742e+02 1.074188e+02 4.306505e+01 9.513234e+05
-2.137886e+02 1.071842e+02 4.297101e+01 9.492460e+05
-2.138029e+02 1.075972e+02 4.313657e+01 9.529035e+05
-2.138174e+02 1.084322e+02 4.347132e+01 9.602981e+05
-2.138309e+02 1.083392e+02 4.343402e+01 9.594743e+05
-2.138444e+02 1.081642e+02 4.336386e+01 9.579244e+05
-2.138592e+02 1.071873e+02 4.297222e+01 9.492728e+05
-2.138748e+02 1.076797e+02 4.316963e+01 9.536337e+05
-2.138909e+02 1.079748e+02 4.328793e+01 9.562469e+05
-2.139063e+02 1.081357e+02 4.335244e+01 9.576720e+05
-2.139218e+02 1.082163e+02 4.338475e+01 9.583858e+05
-2.139391e+02 1.080661e+02 4.332455e+01 9.570559e+05
-2.139566e+02 1.081686e+02 4.336566e+01 9.579640e+05
-2.139739e+02 1.082863e+02 4.341282e+01 9.590058e+05
-2.139925e+02 1.083727e+02 4.344747e+01 9.597712e+05
-2.140113e+02 1.082148e+02 4.338415e+01 9.583726e+05
-2.140290e+02 1.081785e+02 4.336963e+01 9.580517e+05
-2.140465e+02 1.088998e+02 4.365879e+01 9.644395e+05
-2.140645e+02 1.087503e+02 4.359884e+01 9.631151e+05
-2.140829e+02 1.088952e+02 4.365695e+01 9.643988e+05
-2.141013e+02 1.090189e+02 4.370655e+01 9.654944e+05
-2.141187e+02 1.092616e+02 4.380385e+01 9.676438e+05
-2.141347e+02 1.094201e+02 4.386740e+01 9.690476e+05
-2.141494e+02 1.097051e+02 4.398162e+01 9.715708e+05
-2.141621e+02 1.094795e+02 4.389119e+01 9.695732e+05
-2.141734e+02 1.092079e+02 4.378232e+01 9.671683e+05
-2.141848e+02 1.095669e+02 4.392622e+01 9.703471e+05
-2.141970e+02 1.099851e+02 4.409391e+01 9.740513e+05
-2.142103e+02 1.104971e+02 4.429915e+01 9.785852e+05
-2.142244e+02 1.105290e+02 4.431195e+01 9.788680e+05
-2.142399e+02 1.107779e+02 4.441174e+01 9.810724e+05
-2.142565e+02 1.106416e+02 4.435708e+01 9.798650e+05
-2.142729e+02 1.105804e+02 4.433257e+01 9.793234e+05
-2.142886e+02 1.112455e+02 4.459921e+01 9.852136e+05
-2.143034e+02 1.114328e+02 4.467430e+01 9.868724e+05
-2.143181e+02 1.114299e+02 4.467313e+01 9.868465e+05
-2.143338e+02 1.117884e+02 4.481685e+01 9.900215e+05
-2.143496e+02 1.121278e+02 4.495292e+01 9.930272e+05
-2.143653e+02 1.120530e+02 4.492291e+01 9.923644e+05
-2.143800e+02 1.125497e+02 4.512207e+01 9.967639e+05
-2.143941e+02 1.124690e+02 4.508971e+01 9.960491e+05
-2.144081e+02 1.118710e+02 4.484996e+01 9.907529e+05
-2.144211e+02 1.116785e+02 4.477280e+01 9.890483e+05
-2.144326e+02 1.115633e+02 4.472661e+01 9.880279e+05
-2.144426e+02 1.115653e+02 4.472741e+01 9.880458e+05
-2.144522e+02 1.110440e+02 4.451842e+01 9.834289e+05
-2.144615e+02 1.111256e+02 4.455111e+01 9.841512e+05
-2.144689e+02 1.114077e+02 4.466422e+01 9.866498e+05
-2.144748e+02 1.117496e+02 4.480129e+01 9.896777e+05
-2.144792e+02 1.112060e+02 4.458334e+01 9.848631e+05
-2.144835e+02 1.108669e+02 4.444741e+01 9.818603e+05
-2.144880e+02 1.112567e+02 4.460368e+01 9.853124e+05
-2.144915e+02 1.113249e+02 4.463101e+01 9.859162e+05
-2.144934e+02 1.111064e+02 4.454343e+01 9.839815e+05
-2.144942e+02 1.108903e+02 4.445681e+01 9.820679e+05
-2.144951e+02 1.106290e+02 4.435203e+01 9.797534e+05
-2.144967e+02 1.099917e+02 4.409653e+01 9.741093e+05
-2.144985e+02 1.091951e+02 4.377719e+01 9.670548e+05
-2.144998e+02 1.095977e+02 4.393858e+01 9.706202e+05
-2.145004e+02 1.096299e+02 4.395151e+01 9.709057e+05
-2.144983e+02 1.098804e+02 4.405193e+01 9.731242e+05
-2.144943e+02 1.103885e+02 4.425562e+01 9.776236e+05
-2.144903e+02 1.111387e+02 4.455638e+01 9.842675e+05
-2.144855e+02 1.110012e+02 4.450125e+01 9.830497e+05
-2.144793e+02 1.106878e+02 4.437562e+01 9.802745e+05
-2.144723e+02 1.105823e+02 4.433330e+01 9.793397e+05
-2.144659e+02 1.100789e+02 4.413151e+01 9.748821e+05
-2.144593e+02 1.091075e+02 4.374204e+01 9.662786e+05
-2.144514e+02 1.094890e+02 4.389501e+01 9.696576e+05
-2.144434e+02 1.095540e+02 4.392107e+01 9.702334e+05
-2.144357e+02 1.092702e+02 4.380729e+01 9.677199e+05
-2.144275e+02 1.090554e+02 4.372115e+01 9.658169e+05
-2.144183e+02 1.086106e+02 4.354285e+01 9.618784e+05
-2.144090e+02 1.088513e+02 4.363935e+01 9.640100e+05
-2.144000e+02 1.089218e+02 4.366761e+01 9.646343e+05
-2.143906e+02 1.085306e+02 4.351077e+01 9.611696e+05
-2.143794e+02 1.085469e+02 4.351729e+01 9.613137e+05
-2.143669e+02 1.081890e+02 4.337382e+01 9.581444e+05
-2.143546e+02 1.077706e+02 4.320608e+01 9.544389e+05
-2.143422e+02 1.080487e+02 4.331758e+01 9.569020e+05
-2.143288e+02 1.082756e+02 4.340856e+01 9.589116e+05
-2.143134e+02 1.088497e+02 4.363868e+01 9.639953e+05
-2.142968e+02 1.082902e+02 4.341437e+01 9.590401e+05
-2.142796e+02 1.080754e+02 4.332826e+01 9.571379e+05
-2.142607e+02 1.076841e+02 4.317139e+01 9.536727e+05
-2.142402e+02 1.079128e+02 4.326310e+01 9.556984e+05
-2.142198e+02 1.076685e+02 4.316515e+01 9.535347e+05
-2.141992e+02 1.081969e+02 4.337699e+01 9.582144e+05
-2.141782e+02 1.086481e+02 4.355788e+01 9.622102e+05
-2.141583e+02 1.084132e+02 4.346372e+01 9.601302e+05
-2.141390e+02 1.086157e+02 4.354490e+01 9.619235e+05
-2.141201e+02 1.089688e+02 4.368643e+01 9.650500e+05
-2.141021e+02 1.084093e+02 4.346212e+01 9.600950e+05
-2.140840e+02 1.080618e+02 4.332283e+01 9.570179e+05
-2.140659e+02 1.078261e+02 4.322834e+01 9.549306e+05
-2.140486e+02 1.076131e+02 4.314295e+01 9.530443e+05
-2.140326e+02 1.072477e+02 4.299643e+01 9.498076e+05
-2.140177e+02 1.076843e+02 4.317147e+01 9.536743e+05
-2.140031e+02 1.074196e+02 4.306535e+01 9.513302e+05
-2.139883e+02 1.069491e+02 4.287674e+01 9.471637e+05
-2.139744e+02 1.067797e+02 4.280881e+01 9.456631e+05
-2.139615e+02 1.067505e+02 4.279712e+01 9.454049e+05
-2.139484e+02 1.068247e+02 4.282687e+01 9.460620e+05
-2.139353e+02 1.067995e+02 4.281677e+01 9.458388e+05
-2.139229e+02 1.067838e+02 4.281046e+01 9.456995e+05
-2.139114e+02 1.071807e+02 4.296959e+01 9.492146e+05
-2.139000e+02 1.078046e+02 4.321972e+01 9.547402e+05
-2.138892e+02 1.075797e+02 4.312953e+01 9.527480e+05
-2.138799e+02 1.076466e+02 4.315639e+01 9.533411e+05
-2.138713e+02 1.077999e+02 4.321783e+01 9.546984e+05
-2.138618e+02 1.079037e+02 4.325945e+01 9.556178e+05
-2.138499e+02 1.083297e+02 4.343023e+01 9.593904e+05
-2.138372e+02 1.081293e+02 4.334990e+01 9.576160e+05
-2.138245e+02 1.075419e+02 4.311439e+01 9.524134e+05
-2.138110e+02 1.076683e+02 4.316508e+01 9.535332e+05
-2.137971e+02 1.073381e+02 4.303268e+01 9.506083e+05
-2.137838e+02 1.075798e+02 4.312957e+01 9.527488e+05
-2.137710e+02 1.078165e+02 4.322449e+01 9.548456e+05
-2.137578e+02 1.082039e+02 4.337978e+01 9.582760e+05
-2.137445e+02 1.088979e+02 4.365803e+01 9.644226e+05
-2.137305e+02 1.089674e+02 4.368590e+01 9.650383e+05
-2.137162e+02 1.087056e+02 4.358091e+01 9.627191e+05
-2.137022e+02 1.080319e+02 4.331082e+01 9.567527e+05
-2.136892e+02 1.077762e+02 4.320831e+01 9.544881e+05
-2.136765e+02 1.079280e+02 4.326920e+01 9.558332e+05
-2.136648e+02 1.074296e+02 4.306936e+01 9.514187e+05
-2.136545e+02 1.079900e+02 4.329406e+01 9.563823e+05
-2.136450e+02 1.078756e+02 4.324818e+01 9.553689e+05
-2.136365e+02 1.083625e+02 4.344336e+01 9.596806e+05
-2.136282e+02 1.082280e+02 4.338946e+01 9.584899e+05
-2.136195e+02 1.080376e+02 4.331313e+01 9.568037e+05
-2.136110e+02 1.075181e+02 4.310486e+01 9.522030e+05
-2.136026e+02 1.076681e+02 4.316497e+01 9.535307e+05
-2.135946e+02 1.070031e+02 4.289836e+01 9.476413e+05
-2.135876e+02 1.076728e+02 4.316687e+01 9.535727e+05
-2.135808e+02 1.074002e+02 4.305759e+01 9.511587e+05
-2.135730e+02 1.070690e+02 4.292479e+01 9.482251e+05
-2.135654e+02 1.071334e+02 4.295060e+01 9.487953e+05
-2.135587e+02 1.069254e+02 4.286724e+01 9.469539e+05
-2.135525e+02 1.067284e+02 4.278825e+01 9.452090e+05
-2.135459e+02 1.069189e+02 4.286462e+01 9.468958e+05
-2.135382e+02 1.066850e+02 4.277086e+01 9.448247e+05
-2.135297e+02 1.073897e+02 4.305339e+01 9.510658e+05
-2.135204e+02 1.069342e+02 4.287078e+01 9.470320e+05
-2.135101e+02 1.071394e+02 4.295303e+01 9.488490e+05
-2.134991e+02 1.071357e+02 4.295154e+01 9.488161e+05
-2.134877e+02 1.074428e+02 4.307466e+01 9.515357e+05
-2.134762e+02 1.075051e+02 4.309962e+01 9.520871e+05
-2.134653e+02 1.079058e+02 4.326026e+01 9.556358e+05
-2.134551e+02 1.077775e+02 4.320884e+01 9.544999e+05
-2.134460e+02 1.084486e+02 4.347788e+01 9.604431e+05
-2.134378e+02 1.093850e+02 4.385329e+01 9.687360e+05
-2.134294e+02 1.096319e+02 4.395228e+01 9.709228e+05
-2.134211e+02 1.097045e+02 4.398140e+01 9.715659e+05
-2.134132e+02 1.099709e+02 4.408819e+01 9.739251e+05
-2.134055e+02 1.098173e+02 4.402660e+01 9.725645e+05
-2.133987e+02 1.096068e+02 4.394222e+01 9.707005e+05
-2.133920e+02 1.092400e+02 4.379515e+01 9.674518e+05
-2.133855e+02 1.095234e+02 4.390881e+01 9.699624e+05
-2.133789e+02 1.093962e+02 4.385780e+01 9.688357e+05
-2.133719e+02 1.100556e+02 4.412217e+01 9.746758e+05
-2.133648e+02 1.099028e+02 4.406088e+01 9.733218e+05
-2.133576e+02 1.101982e+02 4.417932e+01 9.759380e+05
-2.133498e+02 1.102686e+02 4.420754e+01 9.765615e+05
-2.133413e+02 1.100129e+02 4.410503e+01 9.742970e+05
-2.133328e+02 1.101157e+02 4.414627e+01 9.752080e+05
-2.133242e+02 1.098453e+02 4.403782e+01 9.728124e+05
-2.133157e+02 1.093529e+02 4.384043e+01 9.684520e+05
-2.133069e+02 1.091098e+02 4.374296e+01 9.662987e+05
-2.132963e+02 1.095258e+02 4.390976e+01 9.699834e+05
-2.132849e+02 1.096914e+02 4.397614e+01 9.714498e+05
-2.132736e+02 1.090965e+02 4.373764e+01 9.661814e+05
-2.132621e+02 1.088744e+02 4.364860e+01 9.642143e+05
-2.132500e+02 1.085886e+02 4.353401e+01 9.616829e+05
-2.132375e+02 1.089711e+02 4.368738e+01 9.650709e+05
-2.132255e+02 1.090144e+02 4.370473e+01 9.654542e+05
-2.132148e+02 1.091970e+02 4.377794e+01 9.670715e+05
-2.132049e+02 1.087499e+02 4.359868e+01 9.631116e+05
-2.131956e+02 1.083631e+02 4.344363e+01 9.596865e+05
-2.131868e+02 1.079086e+02 4.326141e+01 9.556612e+05
-2.131779e+02 1.075762e+02 4.312814e+01 9.527171e+05
-2.131690e+02 1.072724e+02 4.300634e+01 9.500265e+05
-2.131597e+02 1.071433e+02 4.295459e+01 9.488834e+05
-2.131495e+02 1.060976e+02 4.253535e+01 9.396221e+05
-2.131388e+02 1.058375e+02 4.243108e+01 9.373188e+05
-2.131281e+02 1.060791e+02 4.252795e+01 9.394587e+05
-2.131166e+02 1.054570e+02 4.227853e+01 9.339490e+05
-2.131050e+02 1.051082e+02 4.213871e+01 9.308602e+05
-2.130925e+02 1.042849e+02 4.180864e+01 9.235690e+05
-2.130778e+02 1.047761e+02 4.200555e+01 9.279186e+05
-2.130616e+02 1.049464e+02 4.207385e+01 9.294275e+05
-2.130436e+02 1.045617e+02 4.191959e+01 9.260199e+05
-2.130244e+02 1.046337e+02 4.194846e+01 9.266577e+05
-2.130050e+02 1.044907e+02 4.189114e+01 9.253914e+05
-2.129850e+02 1.048494e+02 4.203496e+01 9.285683e+05
-2.129649e+02 1.041579e+02 4.175773e+01 9.224444e+05
-2.129457e+02 1.045315e+02 4.190751e+01 9.257529e+05
-2.129266e+02 1.051868e+02 4.217020e+01 9.315558e+05
-2.129071e+02 1.049271e+02 4.206609e+01 9.292560e+05
-2.128867e+02 1.051018e+02 4.213614e+01 9.308035e+05
-2.128659e+02 1.049777e+02 4.208638e+01 9.297044e+05
-2.128453e+02 1.046510e+02 4.195542e+01 9.268114e+05
-2.128235e+02 1.054167e+02 4.226237e+01 9.335920e+05
-2.128004e+02 1.057304e+02 4.238817e+01 9.363709e+05
-2.127767e+02 1.050898e+02 4.213132e+01 9.306970e+05
-2.127526e+02 1.057149e+02 4.238191e+01 9.362328e+05
-2.127283e+02 1.055987e+02 4.233534e+01 9.352039e+05
-2.127037e+02 1.054272e+02 4.226661e+01 9.336856e+05
-2.126783e+02 1.056019e+02 4.233664e+01 9.352327e+05
-2.126520e+02 1.059339e+02 4.246972e+01 9.381724e+05
-2.126261e+02 1.063713e+02 4.264510e+01 9.420467e+05
-2.126007e+02 1.063589e+02 4.264012e+01 9.419365e+05
-2.125749e+02 1.067895e+02 4.281276e+01 9.457504e+05
-2.125485e+02 1.065332e+02 4.271000e+01 9.434804e+05
-2.125215e+02 1.069705e+02 4.288532e+01 9.473533e+05
-2.124940e+02 1.072718e+02 4.300610e+01 9.500212e+05
-2.124666e+02 1.080365e+02 4.331270e+01 9.567941e+05
-2.124386e+02 1.076882e+02 4.317303e+01 9.537087e+05
-2.124094e+02 1.082233e+02 4.338758e+01 9.584482e+05
-2.123791e+02 1.080298e+02 4.331000e+01 9.567346e+05
-2.123485e+02 1.084883e+02 4.349381e+01 9.607950e+05
-2.123176e+02 1.084574e+02 4.348143e+01 9.605214e+05
-2.122864e+02 1.080733e+02 4.332743e+01 9.571195e+05
-2.122552e+02 1.077398e+02 4.319373e+01 9.541661e+05
-2.122237e+02 1.086394e+02 4.355439e+01 9.621333e+05
-2.121914e+02 1.076429e+02 4.315488e+01 9.533079e+05
-2.121584e+02 1.074562e+02 4.308005e+01 9.516549e+05
-2.121255e+02 1.081934e+02 4.337559e+01 9.581835e+05
-2.120928e+02 1.080754e+02 4.332826e+01 9.571379e+05
-2.120595e+02 1.083241e+02 4.342798e+01 9.593408e+05
-2.120250e+02 1.082026e+02 4.337927e+01 9.582648e+05
-2.119892e+02 1.083331e+02 4.343159e+01 9.594204e+05
-2.119532e+02 1.081720e+02 4.336699e+01 9.579934e+05
-2.119170e+02 1.083456e+02 4.343659e+01 9.595310e+05
-2.118801e+02 1.090898e+02 4.373495e+01 9.661219e+05
-2.118432e+02 1.089507e+02 4.367919e+01 9.648902e+05
-2.118065e+02 1.090418e+02 4.371571e+01 9.656968e+05
-2.117698e+02 1.087533e+02 4.360005e+01 9.631418e+05
-2.117323e+02 1.101920e+02 4.417683e+01 9.758831e+05
-2.116939e+02 1.095324e+02 4.391238e+01 9.700414e+05
-2.116556e+02 1.102092e+02 4.418373e+01 9.760355e+05
-2.116174e+02 1.101753e+02 4.417016e+01 9.757358e+05
-2.115790e+02 1.099017e+02 4.406044e+01 9.733120e+05
-2.115401e+02 1.101559e+02 4.416236e+01 9.755634e+05
-2.115004e+02 1.096477e+02 4.395861e+01 9.710625e+05
-2.114611e+02 1.100449e+02 4.411787e+01 9.745806e+05
-2.114222e+02 1.102973e+02 4.421906e+01 9.768160e+05
-2.113829e+02 1.106281e+02 4.435167e+01 9.797455e+05
-2.113430e+02 1.100668e+02 4.412666e+01 9.747750e+05
-2.113024e+02 1.103874e+02 4.425519e+01 9.776141e+05
-2.112621e+02 1.102959e+02 4.421850e+01 9.768036e+05
-2.112217e+02 1.107503e+02 4.440065e+01 9.808274e+05
-2.111810e+02 1.104969e+02 4.429908e+01 9.785837e+05
-2.111409e+02 1.111049e+02 4.454284e+01 9.839684e+05
-2.111015e+02 1.112278e+02 4.459211e+01 9.850569e+05
-2.110620e+02 1.110867e+02 4.453552e+01 9.838068e+05
-2.110224e+02 1.102857e+02 4.421439e+01 9.767129e+05
-2.109823e+02 1.106617e+02 4.436513e+01 9.800428e+05
-2.109418e+02 1.104525e+02 4.428129e+01 9.781907e+05
-2.109002e+02 1.107068e+02 4.438321e+01 9.804423e+05
-2.108580e+02 1.110255e+02 4.451099e+01 9.832649e+05
-2.108158e+02 1.115175e+02 4.470826e+01 9.876225e+05
-2.107738e+02 1.113562e+02 4.464356e+01 9.861933e+05
-2.107319e+02 1.108587e+02 4.444410e+01 9.817873e+05
-2.106895e+02 1.107585e+02 4.440395e+01 9.809004e+05
-2.106468e+02 1.102372e+02 4.419497e+01 9.762840e+05
-2.106035e+02 1.103308e+02 4.423247e+01 9.771122e+05
-2.105593e+02 1.099475e+02 4.407882e+01 9.737181e+05
-2.105146e+02 1.098577e+02 4.404280e+01 9.729223e+05
-2.104698e+02 1.098424e+02 4.403666e+01 9.727868e+05
-2.104248e+02 1.103943e+02 4.425794e+01 9.776749e+05
-2.103799e+02 1.112664e+02 4.460757e+01 9.853984e+05
-2.103348e+02 1.119086e+02 4.486503e+01 9.910858e+05
-2.102895e+02 1.112989e+02 4.462059e+01 9.856860e+05
-2.102444e+02 1.110004e+02 4.450094e+01 9.830429e+05
-2.101989e+02 1.108855e+02 4.445488e+01 9.820254e+05
-2.101526e+02 1.101713e+02 4.416855e+01 9.757002e+05
-2.101059e+02 1.105243e+02 4.431004e+01 9.788258e+05
-2.100589e+02 1.103941e+02 4.425786e+01 9.776731e+05
-2.100116e+02 1.101904e+02 4.417618e+01 9.758688e+05
-2.099636e+02 1.103887e+02 4.425568e+01 9.776250e+05
-2.099143e+02 1.113202e+02 4.462914e+01 9.858748e+05
-2.098639e+02 1.113731e+02 4.465035e+01 9.863434e+05
-2.098134e+02 1.105674e+02 4.432733e+01 9.792078e+05
-2.097630e+02 1.106544e+02 4.436223e+01 9.799787e+05
-2.097119e+02 1.105134e+02 4.430569e+01 9.787297e+05
-2.096604e+02 1.103519e+02 4.424094e+01 9.772993e+05
-2.096088e+02 1.105005e+02 4.430050e+01 9.786151e+05
-2.095578e+02 1.108441e+02 4.443826e+01 9.816582e+05
-2.095073e+02 1.106638e+02 4.436597e+01 9.800613e+05
-2.094558e+02 1.101854e+02 4.417418e+01 9.758246e+05
-2.094041e+02 1.103338e+02 4.423370e+01 9.771393e+05
-2.093524e+02 1.099762e+02 4.409032e+01 9.739720e+05
-2.093005e+02 1.099235e+02 4.406920e+01 9.735056e+05
-2.092499e+02 1.103711e+02 4.424864e+01 9.774695e+05
-2.091993e+02 1.100784e+02 4.413130e+01 9.748773e+05
-2.091481e+02 1.093887e+02 4.385477e+01 9.687687e+05
-2.090967e+02 1.097269e+02 4.399036e+01 9.717640e+05
-2.090447e+02 1.097736e+02 4.400912e+01 9.721783e+05
-2.089926e+02 1.094510e+02 4.387976e+01 9.693207e+05
-2.089407e+02 1.088615e+02 4.364342e+01 9.640999e+05
-2.088889e+02 1.084698e+02 4.348639e+01 9.606309e+05
-2.088365e+02 1.087874e+02 4.361370e+01 9.634435e+05
-2.087832e+02 1.093230e+02 4.382846e+01 9.681876e+05
-2.087293e+02 1.093553e+02 4.384141e+01 9.684736e+05
-2.086752e+02 1.093585e+02 4.384268e+01 9.685017e+05
-2.086214e+02 1.100546e+02 4.412174e+01 9.746662e+05
-2.085680e+02 1.101151e+02 4.414601e+01 9.752024e+05
-2.085145e+02 1.102518e+02 4.420081e+01 9.764128e+05
-2.084604e+02 1.103083e+02 4.422347e+01 9.769134e+05
-2.084059e+02 1.106843e+02 4.437421e+01 9.802434e+05
-2.083514e+02 1.107684e+02 4.440792e+01 9.809879e+05
-2.082975e+02 1.109838e+02 4.449429e+01 9.828959e+05
-2.082438e+02 1.113167e+02 4.462774e+01 9.858439e+05
-2.081907e+02 1.115119e+02 4.470599e+01 9.875724e+05
-2.081380e+02 1.115459e+02 4.471964e+01 9.878741e+05
-2.080845e+02 1.116286e+02 4.475276e+01 9.886057e+05
-2.080299e+02 1.114944e+02 4.469898e+01 9.874177e+05
-2.079757e+02 1.117278e+02 4.479254e+01 9.894843e+05
-2.079222e+02 1.121590e+02 4.496543e+01 9.933037e+05
-2.078689e+02 1.123409e+02 4.503835e+01 9.949144e+05
-2.078155e+02 1.121310e+02 4.495418e+01 9.930551e+05
-2.077621e+02 1.125186e+02 4.510958e+01 9.964880e+05
-2.077084e+02 1.120180e+02 4.490889e+01 9.920547e+05
-2.076542e+02 1.121172e+02 4.494868e+01 9.929336e+05
-2.075999e+02 1.116260e+02 4.475176e+01 9.885835e+05
-2.075449e+02 1.117354e+02 4.479562e+01 9.895523e+05
-2.074894e+02 1.112126e+02 4.458599e+01 9.849217e+05
-2.074347e+02 1.105940e+02 4.433801e+01 9.794437e+05
-2.073803e+02 1.102988e+02 4.421966e+01 9.768293e+05
-2.073256e+02 1.105541e+02 4.432199e+01 9.790897e+05
-2.072709e+02 1.108723e+02 4.444957e+01 9.819080e+05
-2.072164e+02 1.109417e+02 4.447739e+01 9.825227e+05
-2.071622e+02 1.103123e+02 4.422508e+01 9.769490e+05
-2.071089e+02 1.102083e+02 4.418339e+01 9.760281e+05
-2.070560e+02 1.101400e+02 4.415598e+01 9.754225e+05
-2.070035e+02 1.110441e+02 4.451843e+01 9.834293e+05
-2.069510e+02 1.101199e+02 4.414792e+01 9.752444e+05
-2.068976e+02 1.108646e+02 4.444651e+01 9.818404e+05
-2.068425e+02 1.109862e+02 4.449524e+01 9.829168e+05
-2.067869e+02 1.113383e+02 4.463638e+01 9.860348e+05
-2.067314e+02 1.110548e+02 4.452272e+01 9.835240e+05
-2.066759e+02 1.114545e+02 4.468298e+01 9.870642e+05
-2.066213e+02 1.118189e+02 4.482908e+01 9.902915e+05
-2.065675e+02 1.122065e+02 4.498447e+01 9.937243e+05
-2.065130e+02 1.124515e+02 4.508268e+01 9.958937e+05
-2.064573e+02 1.121497e+02 4.496170e+01 9.932213e+05
-2.064017e+02 1.117353e+02 4.479557e+01 9.895513e+05
-2.063465e+02 1.120424e+02 4.491869e+01 9.922710e+05
-2.062910e+02 1.113059e+02 4.462340e+01 9.857480e+05
-2.062361e+02 1.111382e+02 4.455618e+01 9.842632e+05
-2.061822e+02 1.113243e+02 4.463078e+01 9.859110e+05
-2.061295e+02 1.113106e+02 4.462530e+01 9.857899e+05
-2.060784e+02 1.098281e+02 4.403096e+01 9.726608e+05
-2.060284e+02 1.095708e+02 4.392779e+01 9.703818e+05
-2.059799e+02 1.093942e+02 4.385700e+01 9.688180e+05
-2.059315e+02 1.093668e+02 4.384602e+01 9.685753e+05
-2.058822e+02 1.096919e+02 4.397635e+01 9.714544e+05
-2.058319e+02 1.098246e+02 4.402954e+01 9.726295e+05
-2.057813e+02 1.105121e+02 4.430519e+01 9.787186e+05
-2.057311e+02 1.106816e+02 4.437311e+01 9.802189e+05
-2.056820e+02 1.109464e+02 4.447928e+01 9.825643e+05
-2.056333e+02 1.109296e+02 4.447255e+01 9.824157e+05
-2.055843e+02 1.114902e+02 4.469731e+01 9.873807e+05
-2.055351e+02 1.116142e+02 4.474701e+01 9.884786e+05
-2.054862e+02 1.115470e+02 4.472007e+01 9.878836e+05
-2.054374e+02 1.112825e+02 4.461405e+01 9.855414e+05
-2.053891e+02 1.115866e+02 4.473593e+01 9.882338e+05
-2.053422e+02 1.109461e+02 4.447917e+01 9.825618e+05
-2.052963e+02 1.112077e+02 4.458403e+01 9.848784e+05
-2.052505e+02 1.112025e+02 4.458196e+01 9.848327e+05
-2.052049e+02 1.115798e+02 4.473321e+01 9.881738e+05
-2.051591e+02 1.121381e+02 4.495706e+01 9.931187e+05
-2.051138e+02 1.122431e+02 4.499915e+01 9.940485e+05
-2.050691e+02 1.116705e+02 4.476960e+01 9.889776e+05
-2.050242e+02 1.108061e+02 4.442304e+01 9.813220e+05
-2.049790e+02 1.113765e+02 4.465173e+01 9.863738e+05
-2.049347e+02 1.111429e+02 4.455804e+01 9.843043e+05
-2.048915e+02 1.100686e+02 4.412735e+01 9.747900e+05
-2.048485e+02 1.098347e+02 4.403360e+01 9.727192e+05
-2.048057e+02 1.101379e+02 4.415516e+01 9.754044e+05
-2.047631e+02 1.100277e+02 4.411096e+01 9.744279e+05
-2.047201e+02 1.105358e+02 4.431467e+01 9.789280e+05
-2.046773e+02 1.104367e+02 4.427493e+01 9.780502e+05
-2.046350e+02 1.107312e+02 4.439302e+01 9.806589e+05
-2.045928e+02 1.102219e+02 4.418883e+01 9.761483e+05
-2.045502e+02 1.099553e+02 4.408196e+01 9.737874e+05
-2.045074e+02 1.097331e+02 4.399287e+01 9.718194e+05
-2.044647e+02 1.098163e+02 4.402624e+01 9.725565e+05
-2.044216e+02 1.096504e+02 4.395969e+01 9.710864e+05
-2.043786e+02 1.094430e+02 4.387657e+01 9.692503e+05
-2.043359e+02 1.096131e+02 4.394475e+01 9.707564e+05
-2.042935e+02 1.089190e+02 4.366647e+01 9.646092e+05
-2.042516e+02 1.083394e+02 4.343411e+01 9.594762e+05
-2.042102e+02 1.075206e+02 4.310586e+01 9.522250e+05
-2.041694e+02 1.077816e+02 4.321050e+01 9.545366e+05
-2.041293e+02 1.078234e+02 4.322724e+01 9.549064e+05
-2.040892e+02 1.079787e+02 4.328952e+01 9.562822e+05
-2.040483e+02 1.083311e+02 4.343077e+01 9.594024e+05
-2.040079e+02 1.078042e+02 4.321956e+01 9.547367e+05
-2.039689e+02 1.073182e+02 4.302469e+01 9.504320e+05
-2.039303e+02 1.078160e+02 4.322426e+01 9.548406e+05
-2.038919e+02 1.074437e+02 4.307504e+01 9.515442e+05
-2.038538e+02 1.073698e+02 4.304540e+01 9.508893e+05
-2.038155e+02 1.079782e+02 4.328930e+01 9.562773e+05
-2.037779e+02 1.085590e+02 4.352217e+01 9.614215e+05
-2.037403e+02 1.080767e+02 4.332878e+01 9.571494e+05
-2.037022e+02 1.084473e+02 4.347736e+01 9.604315e+05
-2.036642e+02 1.087345e+02 4.359250e+01 9.629750e+05
-2.036263e+02 1.086541e+02 4.356027e+01 9.622631e+05
-2.035885e+02 1.087096e+02 4.358252e+01 9.627547e+05
-2.035499e+02 1.083987e+02 4.345790e+01 9.600018e+05
-2.035108e+02 1.072374e+02 4.299232e+01 9.497168e+05
-2.034719e+02 1.070952e+02 4.293530e+01 9.484573e+05
-2.034333e+02 1.069755e+02 4.288730e+01 9.473970e+05
-2.033944e+02 1.068292e+02 4.282868e+01 9.461020e+05
-2.033546e+02 1.067097e+02 4.278076e+01 9.450434e+05
-2.033141e+02 1.064562e+02 4.267911e+01 9.427979e+05
-2.032743e+02 1.061283e+02 4.254767e+01 9.398945e+05
-2.032358e+02 1.058456e+02 4.243434e+01 9.373909e+05
-2.031979e+02 1.058334e+02 4.242946e+01 9.372831e+05
-2.031607e+02 1.058376e+02 4.243113e+01 9.373199e+05
-2.031237e+02 1.055789e+02 4.232740e+01 9.350285e+05
-2.030862e+02 1.053147e+02 4.222147e+01 9.326886e+05
-2.030487e+02 1.053629e+02 4.224083e+01 9.331161e+05
-2.030113e+02 1.051137e+02 4.214093e+01 9.309093e+05
-2.029735e+02 1.050274e+02 4.210629e+01 9.301442e+05
-2.029358e+02 1.052589e+02 4.219914e+01 9.321951e+05
-2.028994e+02 1.055880e+02 4.233107e+01 9.351095e+05
-2.028644e+02 1.060083e+02 4.249956e+01 9.388316e+05
-2.028302e+02 1.058569e+02 4.243888e+01 9.374911e+05
-2.027965e+02 1.072209e+02 4.298570e+01 9.495707e+05
-2.027632e+02 1.066116e+02 4.274141e+01 9.441742e+05
-2.027300e+02 1.066204e+02 4.274495e+01 9.442523e+05
-2.026964e+02 1.066048e+02 4.273869e+01 9.441140e+05
-2.026628e+02 1.066466e+02 4.275544e+01 9.444841e+05
-2.026292e+02 1.057663e+02 4.240253e+01 9.366882e+05
-2.025956e+02 1.059488e+02 4.247571e+01 9.383047e+05
-2.025622e+02 1.056350e+02 4.234991e+01 9.355258e+05
-2.025282e+02 1.058413e+02 4.243262e+01 9.373528e+05
-2.024939e+02 1.061309e+02 4.254872e+01 9.399177e+05
-2.024600e+02 1.063029e+02 4.261767e+01 9.414406e+05
-2.024262e+02 1.065848e+02 4.273068e+01 9.439372e+05
-2.023925e+02 1.068913e+02 4.285356e+01 9.466516e+05
-2.023584e+02 1.065871e+02 4.273162e+01 9.439579e+05
-2.023238e+02 1.058231e+02 4.242532e+01 9.371916e+05
-2.022893e+02 1.051854e+02 4.216967e+01 9.315442e+05
-2.022554e+02 1.050011e+02 4.209575e+01 9.299112e+05
-2.022217e+02 1.051602e+02 4.215955e+01 9.313206e+05
-2.021882e+02 1.049584e+02 4.207865e+01 9.295335e+05
-2.021558e+02 1.047290e+02 4.198668e+01 9.275018e+05
-2.021239e+02 1.043705e+02 4.184293e+01 9.243265e+05
-2.020912e+02 1.037745e+02 4.160400e+01 9.190484e+05
-2.020580e+02 1.039279e+02 4.166552e+01 9.204073e+05
-2.020245e+02 1.036774e+02 4.156507e+01 9.181884e+05
-2.019911e+02 1.034323e+02 4.146682e+01 9.160180e+05
-2.019576e+02 1.028712e+02 4.124187e+01 9.110487e+05
-2.019234e+02 1.034024e+02 4.145482e+01 9.157530e+05
-2.018886e+02 1.037879e+02 4.160940e+01 9.191676e+05
-2.018535e+02 1.038485e+02 4.163368e+01 9.197039e+05
-2.018181e+02 1.042041e+02 4.177624e+01 9.228531e+05
-2.017830e+02 1.049799e+02 4.208726e+01 9.297238e+05
-2.017492e+02 1.048455e+02 4.203339e+01 9.285337e+05
-2.017160e+02 1.044562e+02 4.187731e+01 9.250858e+05
-2.016824e+02 1.037229e+02 4.158334e+01 9.185920e+05
-2.016485e+02 1.039679e+02 4.168156e+01 9.207616e+05
-2.016144e+02 1.035987e+02 4.153353e+01 9.174917e+05
-2.015803e+02 1.037795e+02 4.160603e+01 9.190932e+05
-2.015455e+02 1.028714e+02 4.124194e+01 9.110503e+05
-2.015109e+02 1.028770e+02 4.124420e+01 9.111002e+05
-2.014768e+02 1.033010e+02 4.141419e+01 9.148553e+05
-2.014430e+02 1.035030e+02 4.149517e+01 9.166443e+05
-2.014102e+02 1.034285e+02 4.146531e+01 9.159845e+05
-2.013784e+02 1.033782e+02 4.144515e+01 9.155392e+05
-2.013468e+02 1.034538e+02 4.147543e+01 9.162081e+05
-2.013155e+02 1.038168e+02 4.162095e+01 9.194229e+05
-2.012841e+02 1.037792e+02 4.160590e+01 9.190903e+05
-2.012516e+02 1.035270e+02 4.150479e+01 9.168567e+05
-2.012186e+02 1.039831e+02 4.168763e+01 9.208958e+05
-2.011858e+02 1.038472e+02 4.163317e+01 9.196927e+05
-2.011528e+02 1.039166e+02 4.166100e+01 9.203074e+05
-2.011201e+02 1.037438e+02 4.159170e+01 9.187767e+05
-2.010875e+02 1.031841e+02 4.136733e+01 9.138202e+05
-2.010539e+02 1.028064e+02 4.121591e+01 9.104752e+05
-2.010201e+02 1.024314e+02 4.106557e+01 9.071542e+05
-2.009866e+02 1.023781e+02 4.104420e+01 9.066821e+05
-2.009532e+02 1.026834e+02 4.116659e+01 9.093858e+05
-2.009199e+02 1.022864e+02 4.100741e+01 9.058694e+05
-2.008868e+02 1.014866e+02 4.068676e+01 8.987861e+05
-2.008546e+02 1.014048e+02 4.065397e+01 8.980618e+05
-2.008225e+02 1.015911e+02 4.072868e+01 8.997122e+05
-2.007901e+02 1.017943e+02 4.081013e+01 9.015115e+05
-2.007573e+02 1.015142e+02 4.069783e+01 8.990308e+05
-2.007247e+02 1.008645e+02 4.043738e+01 8.932773e+05
-2.006920e+02 1.008829e+02 4.044475e+01 8.934401e+05
-2.006595e+02 1.013703e+02 4.064015e+01 8.977564e+05
-2.006272e+02 1.017853e+02 4.080654e+01 9.014320e+05
-2.005958e+02 1.015356e+02 4.070640e+01 8.992201e+05
-2.005652e+02 1.024181e+02 4.106023e+01 9.070363e+05
-2.005343e+02 1.026678e+02 4.116032e+01 9.092472e+05
-2.005031e+02 1.019149e+02 4.085848e+01 9.025796e+05
-2.004720e+02 1.015503e+02 4.071231e+01 8.993505e+05
-2.004409e+02 1.021760e+02 4.096314e+01 9.048915e+05
-2.004099e+02 1.016449e+02 4.075024e+01 9.001886e+05
-2.003790e+02 1.013422e+02 4.062889e+01 8.975078e+05
-2.003476e+02 1.019846e+02 4.088643e+01 9.031970e+05
-2.003161e+02 1.024263e+02 4.106352e+01 9.071090e+05
-2.002847e+02 1.022756e+02 4.100308e+01 9.057737e+05
-2.002529e+02 1.024012e+02 4.105345e+01 9.068864e+05
-2.002213e+02 1.019584e+02 4.087593e+01 9.029650e+05
-2.001893e+02 1.018617e+02 4.083717e+01 9.021088e+05
-2.001569e+02 1.022679e+02 4.100000e+01 9.057058e+05
-2.001246e+02 1.021331e+02 4.094594e+01 9.045116e+05
-2.000935e+02 1.020283e+02 4.090395e+01 9.035840e+05
-2.000629e+02 1.030477e+02 4.131262e+01 9.126117e+05
-2.000321e+02 1.035032e+02 4.149524e+01 9.166459e+05
-2.000022e+02 1.031015e+02 4.133421e+01 9.130887e+05
-1.999727e+02 1.035838e+02 4.152754e+01 9.173594e+05
-1.999422e+02 1.032646e+02 4.139961e+01 9.145332e+05
-1.999112e+02 1.045374e+02 4.190988e+01 9.258054e+05
-1.998798e+02 1.039686e+02 4.168184e+01 9.207679e+05
-1.998472e+02 1.040461e+02 4.171290e+01 9.214540e+05
-1.998130e+02 1.041706e+02 4.176282e+01 9.225567e+05
-1.997785e+02 1.032747e+02 4.140364e+01 9.146223e+05
-1.997451e+02 1.030649e+02 4.131954e+01 9.127645e+05
-1.997125e+02 1.026382e+02 4.114846e+01 9.089852e+05
-1.996803e+02 1.026120e+02 4.113794e+01 9.087529e+05
-1.996479e+02 1.021294e+02 4.094447e+01 9.044792e+05
-1.996155e+02 1.023268e+02 4.102363e+01 9.062277e+05
-1.995821e+02 1.022882e+02 4.100813e+01 9.058854e+05
-1.995478e+02 1.028710e+02 4.124180e+01 9.110472e+05
-1.995141e+02 1.025130e+02 4.109828e+01 9.078768e+05
-1.994814e+02 1.026455e+02 4.115140e+01 9.090503e+05
-1.994496e+02 1.027925e+02 4.121030e+01 9.103514e+05
-1.994178e+02 1.031952e+02 4.137178e+01 9.139186e+05
-1.993861e+02 1.029773e+02 4.128443e+01 9.119889e+05
-1.993540e+02 1.031775e+02 4.136468e+01 9.137618e+05
-1.993218e+02 1.030950e+02 4.133159e+01 9.130306e+05
-1.992904e+02 1.028944e+02 4.125118e+01 9.112543e+05
-1.992594e+02 1.028059e+02 4.121568e+01 9.104703e+05
-1.992285e+02 1.028425e+02 4.123037e+01 9.107947e+05
-1.991980e+02 1.029249e+02 4.126340e+01 9.115242e+05
-1.991677e+02 1.027182e+02 4.118055e+01 9.096942e+05
-1.991369e+02 1.031474e+02 4.135260e+01 9.134948e+05
-1.991054e+02 1.030761e+02 4.132402e+01 9.128636e+05
-1.990735e+02 1.034082e+02 4.145715e+01 9.158044e+05
-1.990417e+02 1.040324e+02 4.170739e+01 9.213322e+05
-1.990098e+02 1.039102e+02 4.165840e+01 9.202499e+05
-1.989782e+02 1.039096e+02 4.165816e+01 9.202448e+05
-1.989465e+02 1.035636e+02 4.151946e+01 9.171808e+05
-1.989150e+02 1.035009e+02 4.149434e+01 9.166259e+05
-1.988842e+02 1.036896e+02 4.156998e+01 9.182969e+05
-1.988535e+02 1.037177e+02 4.158125e+01 9.185457e+05
-1.988225e+02 1.033237e+02 4.142330e+01 9.150566e+05
-1.987916e+02 1.034206e+02 4.146212e+01 9.159141e+05
-1.987612e+02 1.036515e+02 4.155468e+01 9.179588e+05
-1.987310e+02 1.033994e+02 4.145365e+01 9.157271e+05
-1.987015e+02 1.031752e+02 4.136374e+01 9.137408e+05
-1.986733e+02 1.026488e+02 4.115271e+01 9.090793e+05
-1.986456e+02 1.019445e+02 4.087036e+01 9.028420e+05
-1.986182e+02 1.016269e+02 4.074304e+01 9.000293e+05
-1.985918e+02 1.023094e+02 4.101664e+01 9.060733e+05
-1.985657e+02 1.025462e+02 4.111159e+01 9.081709e+05
-1.985395e+02 1.038439e+02 4.163185e+01 9.196636e+05
-1.985151e+02 1.036588e+02 4.155764e+01 9.180243e+05
-1.984922e+02 1.036858e+02 4.156847e+01 9.182634e+05
-1.984701e+02 1.035124e+02 4.149894e+01 9.167276e+05
-1.984486e+02 1.032270e+02 4.138453e+01 9.142001e+05
-1.984265e+02 1.035546e+02 4.151584e+01 9.171009e+05
-1.984037e+02 1.033452e+02 4.143191e+01 9.152467e+05
-1.983815e+02 1.032949e+02 4.141172e+01 9.148008e+05
-1.983608e+02 1.030560e+02 4.131596e+01 9.126855e+05
-1.983406e+02 1.034993e+02 4.149367e+01 9.166111e+05
-1.983193e+02 1.036975e+02 4.157314e+01 9.183667e+05
-1.982978e+02 1.035235e+02 4.150338e+01 9.168256e+05
-1.982775e+02 1.034876e+02 4.148898e+01 9.165075e+05
-1.982572e+02 1.034988e+02 4.149347e+01 9.166067e+05
-1.982369e+02 1.036890e+02 4.156973e+01 9.182913e+05
-1.982173e+02 1.035438e+02 4.151154e+01 9.170058e+05
-1.981977e+02 1.038489e+02 4.163385e+01 9.197077e+05
-1.981781e+02 1.036292e+02 4.154576e+01 9.177619e+05
-1.981589e+02 1.040032e+02 4.169571e+01 9.210742e+05
-1.981407e+02 1.038730e+02 4.164351e+01 9.199211e+05
-1.981237e+02 1.041179e+02 4.174170e+01 9.220901e+05
-1.981076e+02 1.039021e+02 4.165515e+01 9.201783e+05
-1.980918e+02 1.038725e+02 4.164332e+01 9.199168e+05
-1.980762e+02 1.040038e+02 4.169593e+01 9.210791e+05
-1.980604e+02 1.048416e+02 4.203181e+01 9.284989e+05
-1.980442e+02 1.050568e+02 4.211808e+01 9.304046e+05
-1.980277e+02 1.056407e+02 4.235219e+01 9.355762e+05
-1.980107e+02 1.059832e+02 4.248949e+01 9.386092e+05
-1.979944e+02 1.055732e+02 4.232513e+01 9.349784e+05
-1.979787e+02 1.057222e+02 4.238487e+01 9.362980e+05
-1.979629e+02 1.053312e+02 4.222809e+01 9.328347e+05
-1.979469e+02 1.048961e+02 4.205366e+01 9.289815e+05
-1.979308e+02 1.043919e+02 4.185153e+01 9.245164e+05
-1.979154e+02 1.039248e+02 4.166426e+01 9.203795e+05
-1.979014e+02 1.035801e+02 4.152607e+01 9.173269e+05
-1.978875e+02 1.041297e+02 4.174641e+01 9.221941e+05
-1.978739e+02 1.040645e+02 4.172026e+01 9.216165e+05
-1.978605e+02 1.042398e+02 4.179056e+01 9.231696e+05
-1.978472e+02 1.046059e+02 4.193732e+01 9.264115e+05
-1.978343e+02 1.042263e+02 4.178515e+01 9.230499e+05
-1.978213e+02 1.043410e+02 4.183114e+01 9.240660e+05
-1.978088e+02 1.044097e+02 4.185866e+01 9.246739e+05
-1.977973e+02 1.044310e+02 4.186721e+01 9.248628e+05
-1.977860e+02 1.050545e+02 4.211716e+01 9.303842e+05
-1.977745e+02 1.046422e+02 4.195190e+01 9.267336e+05
-1.977635e+02 1.054095e+02 4.225951e+01 9.335288e+05
-1.977533e+02 1.055606e+02 4.232009e+01 9.348671e+05
-1.977438e+02 1.058412e+02 4.243257e+01 9.373517e+05
-1.977352e+02 1.054191e+02 4.226336e+01 9.336138e+05
-1.977268e+02 1.050920e+02 4.213221e+01 9.307167e+05
-1.977199e+02 1.049574e+02 4.207826e+01 9.295249e+05
-1.977149e+02 1.048088e+02 4.201867e+01 9.282087e+05
-1.977110e+02 1.048956e+02 4.205345e+01 9.289769e+05
-1.977082e+02 1.054651e+02 4.228178e+01 9.340208e+05
-1.977060e+02 1.045289e+02 4.190647e+01 9.257299e+05
-1.977055e+02 1.043558e+02 4.183704e+01 9.241964e+05
-1.977062e+02 1.041090e+02 4.173812e+01 9.220111e+05
-1.977078e+02 1.042853e+02 4.180880e+01 9.235724e+05
-1.977095e+02 1.032724e+02 4.140272e+01 9.146020e+05
-1.977109e+02 1.033906e+02 4.145011e+01 9.156489e+05
-1.977133e+02 1.035324e+02 4.150694e+01 9.169042e+05
-1.977169e+02 1.031057e+02 4.133588e+01 9.131254e+05
-1.977211e+02 1.032215e+02 4.138233e+01 9.141515e+05
-1.977259e+02 1.030446e+02 4.131139e+01 9.125844e+05
-1.977320e+02 1.029280e+02 4.126465e+01 9.115519e+05
-1.977384e+02 1.030462e+02 4.131203e+01 9.125986e+05
-1.977453e+02 1.034363e+02 4.146844e+01 9.160537e+05
-1.977534e+02 1.037323e+02 4.158707e+01 9.186744e+05
-1.977620e+02 1.037619e+02 4.159898e+01 9.189374e+05
-1.977709e+02 1.029802e+02 4.128559e+01 9.120145e+05
-1.977793e+02 1.025445e+02 4.111091e+01 9.081559e+05
-1.977866e+02 1.018879e+02 4.084768e+01 9.023409e+05
-1.977944e+02 1.017303e+02 4.078446e+01 9.009443e+05
-1.978025e+02 1.024625e+02 4.107801e+01 9.074290e+05
-1.978102e+02 1.027726e+02 4.120233e+01 9.101752e+05
-1.978179e+02 1.032479e+02 4.139291e+01 9.143852e+05
-1.978261e+02 1.037631e+02 4.159944e+01 9.189476e+05
-1.978340e+02 1.032549e+02 4.139570e+01 9.144470e+05
-1.978422e+02 1.028455e+02 4.123158e+01 9.108214e+05
-1.978511e+02 1.030655e+02 4.131976e+01 9.127694e+05
-1.978601e+02 1.034897e+02 4.148982e+01 9.165262e+05
-1.978679e+02 1.037920e+02 4.161104e+01 9.192039e+05
-1.978748e+02 1.038412e+02 4.163074e+01 9.196390e+05
-1.978816e+02 1.034795e+02 4.148575e+01 9.164362e+05
-1.978882e+02 1.033521e+02 4.143467e+01 9.153079e+05
-1.978941e+02 1.036490e+02 4.155371e+01 9.179375e+05
-1.978993e+02 1.036669e+02 4.156087e+01 9.180956e+05
-1.979046e+02 1.035977e+02 4.153311e+01 9.174824e+05
-1.979110e+02 1.027229e+02 4.118242e+01 9.097356e+05
-1.979173e+02 1.030459e+02 4.131191e+01 9.125959e+05
-1.979229e+02 1.031867e+02 4.136834e+01 9.138425e+05
-1.979275e+02 1.031844e+02 4.136746e+01 9.138230e+05
-1.979309e+02 1.039684e+02 4.168175e+01 9.207658e+05
-1.979346e+02 1.031973e+02 4.137261e+01 9.139369e+05
-1.979392e+02 1.039376e+02 4.166942e+01 9.204935e+05
-1.979435e+02 1.042169e+02 4.178137e+01 9.229664e+05
-1.979477e+02 1.041688e+02 4.176210e+01 9.225408e+05
-1.979523e+02 1.033968e+02 4.145257e+01 9.157032e+05
-1.979576e+02 1.034911e+02 4.149039e+01 9.165387e+05
-1.979633e+02 1.035940e+02 4.153165e+01 9.174500e+05
-1.979693e+02 1.035855e+02 4.152822e+01 9.173744e+05
-1.979756e+02 1.039886e+02 4.168985e+01 9.209448e+05
-1.979817e+02 1.044459e+02 4.187320e+01 9.249950e+05
-1.979866e+02 1.045969e+02 4.193370e+01 9.263315e+05
-1.979903e+02 1.041453e+02 4.175268e+01 9.223328e+05
-1.979937e+02 1.038569e+02 4.163705e+01 9.197783e+05
-1.979975e+02 1.038086e+02 4.161767e+01 9.193504e+05
-1.980008e+02 1.035452e+02 4.151209e+01 9.170180e+05
-1.980030e+02 1.032743e+02 4.140346e+01 9.146184e+05
-1.980053e+02 1.028899e+02 4.124938e+01 9.112147e+05
-1.980075e+02 1.030623e+02 4.131850e+01 9.127416e+05
-1.980101e+02 1.040249e+02 4.170440e+01 9.212663e+05
-1.980134e+02 1.046676e+02 4.196204e+01 9.269576e+05
-1.980166e+02 1.049428e+02 4.207237e+01 9.293949e+05
-1.980194e+02 1.048514e+02 4.203573e+01 9.285854e+05
-1.980219e+02 1.045502e+02 4.191500e+01 9.259184e+05
-1.980243e+02 1.048749e+02 4.204518e+01 9.287942e+05
-1.980272e+02 1.040243e+02 4.170415e+01 9.212607e+05
-1.980306e+02 1.041115e+02 4.173913e+01 9.220334e+05
-1.980339e+02 1.044302e+02 4.186690e+01 9.248558e+05
-1.980367e+02 1.047192e+02 4.198276e+01 9.274153e+05
-1.980390e+02 1.045887e+02 4.193043e+01 9.262594e+05
-1.980406e+02 1.049261e+02 4.206569e+01 9.292474e+05
-1.980416e+02 1.047853e+02 4.200926e+01 9.280007e+05
-1.980425e+02 1.044097e+02 4.185866e+01 9.246738e+05
-1.980435e+02 1.037545e+02 4.159600e+01 9.188717e+05
-1.980437e+02 1.039489e+02 4.167395e+01 9.205935e+05
-1.980436e+02 1.041254e+02 4.174468e+01 9.221561e+05
-1.980434e+02 1.039047e+02 4.165619e+01 9.202013e+05
-1.980444e+02 1.040817e+02 4.172718e+01 9.217693e+05
-1.980459e+02 1.050230e+02 4.210454e+01 9.301055e+05
-1.980466e+02 1.054604e+02 4.227989e+01 9.339789e+05
-1.980460e+02 1.049692e+02 4.208298e+01 9.296292e+05
-1.980442e+02 1.046545e+02 4.195683e+01 9.268424e+05
-1.980409e+02 1.049139e+02 4.206082e+01 9.291398e+05
-1.980371e+02 1.048646e+02 4.204103e+01 9.287025e+05
-1.980330e+02 1.049363e+02 4.206979e+01 9.293377e+05
-1.980272e+02 1.049781e+02 4.208655e+01 9.297081e+05
-1.980197e+02 1.049273e+02 4.206617e+01 9.292578e+05
-1.980112e+02 1.050201e+02 4.210340e+01 9.300803e+05
-1.980019e+02 1.060650e+02 4.252227e+01 9.393333e+05
-1.979919e+02 1.065197e+02 4.270458e+01 9.433605e+05
-1.979816e+02 1.073089e+02 4.302100e+01 9.503503e+05
-1.979707e+02 1.078601e+02 4.324196e+01 9.552315e+05
-1.979588e+02 1.077549e+02 4.319979e+01 9.543000e+05
-1.979460e+02 1.078182e+02 4.322517e+01 9.548606e+05
-1.979326e+02 1.082034e+02 4.337959e+01 9.582718e+05
-1.979195e+02 1.079317e+02 4.327065e+01 9.558653e+05
-1.979072e+02 1.079069e+02 4.326072e+01 9.556459e+05
-1.978941e+02 1.083948e+02 4.345633e+01 9.599671e+05
-1.978797e+02 1.081031e+02 4.333937e+01 9.573833e+05
-1.978656e+02 1.077823e+02 4.321078e+01 9.545427e+05
-1.978518e+02 1.078812e+02 4.325044e+01 9.554187e+05
-1.978378e+02 1.084118e+02 4.346315e+01 9.601177e+05
-1.978233e+02 1.083559e+02 4.344074e+01 9.596226e+05
-1.978082e+02 1.076829e+02 4.317093e+01 9.536624e+05
-1.977923e+02 1.076579e+02 4.316090e+01 9.534408e+05
-1.977754e+02 1.075409e+02 4.311400e+01 9.524048e+05
-1.977580e+02 1.068891e+02 4.285270e+01 9.466325e+05
-1.977411e+02 1.067739e+02 4.280649e+01 9.456118e+05
-1.977247e+02 1.067741e+02 4.280658e+01 9.456139e+05
-1.977078e+02 1.068952e+02 4.285513e+01 9.466863e+05
-1.976895e+02 1.071597e+02 4.296117e+01 9.490288e+05
-1.976700e+02 1.071853e+02 4.297143e+01 9.492553e+05
-1.976498e+02 1.078402e+02 4.323398e+01 9.550552e+05
-1.976290e+02 1.079762e+02 4.328852e+01 9.562601e+05
-1.976082e+02 1.082888e+02 4.341383e+01 9.590282e+05
-1.975879e+02 1.087393e+02 4.359444e+01 9.630178e+05
-1.975670e+02 1.089990e+02 4.369857e+01 9.653181e+05
-1.975451e+02 1.094350e+02 4.387334e+01 9.691789e+05
-1.975227e+02 1.090668e+02 4.372572e+01 9.659179e+05
-1.974995e+02 1.093530e+02 4.384046e+01 9.684525e+05
-1.974756e+02 1.095705e+02 4.392769e+01 9.703796e+05
-1.974519e+02 1.098782e+02 4.405103e+01 9.731042e+05
-1.974286e+02 1.098202e+02 4.402778e+01 9.725906e+05
-1.974058e+02 1.097781e+02 4.401091e+01 9.722178e+05
-1.973833e+02 1.092205e+02 4.378737e+01 9.672799e+05
-1.973604e+02 1.091539e+02 4.376064e+01 9.666894e+05
-1.973371e+02 1.093618e+02 4.384400e+01 9.685308e+05
-1.973138e+02 1.097620e+02 4.400446e+01 9.720754e+05
-1.972904e+02 1.088905e+02 4.365507e+01 9.643573e+05
-1.972673e+02 1.081967e+02 4.337692e+01 9.582127e+05
-1.972434e+02 1.072096e+02 4.298118e+01 9.494709e+05
-1.972182e+02 1.081476e+02 4.335723e+01 9.577779e+05
